district,dtname,object_id,timeperiod,health-centres-count,total-tender-awarded-value,sum-aged-population,sum-young-population,sum-population,total-tender-awarded-value-fy-cumsum,heat-days-score,avg-electricity,piped-hhds-pct,nosanitation-hhds-pct,workers-affected-pct,pct-ncd,land-surface-temperature-raster,heat-hazard,exposure,vulnerability,government-response,heat-risk-score,land-surface-temperature
Anugul,Anugul,21-384,2021_01,209,0.0,79040.705,90380.895,1406704.09,0.0,0.0,9.847,15.795,13.657,86.1,5.94,LST_ODISHA_2021_01.tif,3.0,4.0,1.0,3.0,2.0,2.0
Anugul,Anugul,21-384,2021_02,209,0.0,79040.705,90380.895,1406704.09,0.0,0.018,9.847,15.795,13.657,86.1,5.94,LST_ODISHA_2021_02.tif,2.0,4.0,1.0,3.0,1.0,3.0
Anugul,Anugul,21-384,2021_03,209,0.0,79040.705,90380.895,1406704.09,0.0,31.031,9.847,15.795,13.657,86.1,5.94,LST_ODISHA_2021_03.tif,3.0,4.0,1.0,3.0,3.0,3.0
Anugul,Anugul,21-384,2021_04,209,0.0,79040.705,90380.895,1406704.09,0.0,0.0,9.847,15.795,13.657,86.1,5.94,LST_ODISHA_2021_04.tif,3.0,4.0,1.0,3.0,2.0,3.0
Anugul,Anugul,21-384,2021_05,209,0.0,79040.705,90380.895,1406704.09,0.0,4.865,9.847,15.795,13.657,86.1,5.94,LST_ODISHA_2021_05.tif,5.0,4.0,1.0,4.0,4.0,2.0
Anugul,Anugul,21-384,2021_06,209,0.0,79040.705,90380.895,1406704.09,0.0,0.389,9.847,15.795,13.657,86.1,5.94,LST_ODISHA_2021_06.tif,2.0,4.0,1.0,4.0,2.0,3.0
Anugul,Anugul,21-384,2021_07,209,0.0,79040.705,90380.895,1406704.09,0.0,18.394,9.847,15.795,13.657,86.1,5.94,LST_ODISHA_2021_07.tif,3.0,4.0,1.0,4.0,3.0,3.0
Anugul,Anugul,21-384,2021_08,209,0.0,79040.705,90380.895,1406704.09,0.0,20.764,9.847,15.795,13.657,86.1,5.94,LST_ODISHA_2021_08.tif,3.0,4.0,1.0,3.0,3.0,2.0
Anugul,Anugul,21-384,2021_09,209,0.0,79040.705,90380.895,1406704.09,0.0,3.261,9.847,15.795,13.657,86.1,5.94,LST_ODISHA_2021_09.tif,3.0,4.0,1.0,3.0,3.0,3.0
Anugul,Anugul,21-384,2021_10,209,0.0,79040.705,90380.895,1406704.09,0.0,55.949,9.847,15.795,13.657,86.1,5.94,LST_ODISHA_2021_10.tif,4.0,4.0,1.0,3.0,4.0,4.0
Anugul,Anugul,21-384,2021_11,209,0.0,79040.705,90380.895,1406704.09,0.0,0.804,9.847,15.795,13.657,86.1,5.94,LST_ODISHA_2021_11.tif,2.0,4.0,1.0,3.0,2.0,3.0
Anugul,Anugul,21-384,2021_12,209,0.0,79040.705,90380.895,1406704.09,0.0,0.0,9.847,15.795,13.657,86.1,5.94,LST_ODISHA_2021_12.tif,3.0,4.0,1.0,3.0,2.0,2.0
Anugul,Anugul,21-384,2022_01,209,0.0,81894.875,90656.134,1421588.366,0.0,0.0,9.847,15.795,13.657,86.1,5.94,LST_ODISHA_2022_01.tif,3.0,4.0,1.0,3.0,3.0,2.0
Anugul,Anugul,21-384,2022_02,209,0.0,81894.875,90656.134,1421588.366,0.0,0.0,9.847,15.795,13.657,86.1,5.94,LST_ODISHA_2022_02.tif,3.0,4.0,1.0,3.0,3.0,3.0
Anugul,Anugul,21-384,2022_03,209,0.0,81894.875,90656.134,1421588.366,0.0,34.481,9.847,15.795,13.657,86.1,5.94,LST_ODISHA_2022_03.tif,2.0,4.0,1.0,3.0,2.0,3.0
Anugul,Anugul,21-384,2022_04,209,0.0,81894.875,90656.134,1421588.366,0.0,1.134,9.847,15.795,13.657,86.1,5.94,LST_ODISHA_2022_04.tif,2.0,4.0,1.0,3.0,2.0,4.0
Anugul,Anugul,21-384,2022_05,209,0.0,81894.875,90656.134,1421588.366,0.0,13.416,9.847,15.795,13.657,86.1,5.94,LST_ODISHA_2022_05.tif,4.0,4.0,1.0,3.0,4.0,3.0
Anugul,Anugul,21-384,2022_06,209,0.0,81894.875,90656.134,1421588.366,0.0,24.547,9.847,15.795,13.657,86.1,5.94,LST_ODISHA_2022_06.tif,4.0,4.0,1.0,3.0,4.0,2.0
Anugul,Anugul,21-384,2022_07,209,0.0,81894.875,90656.134,1421588.366,0.0,13.795,9.847,15.795,13.657,86.1,5.94,LST_ODISHA_2022_07.tif,5.0,4.0,1.0,3.0,4.0,3.0
Anugul,Anugul,21-384,2022_08,209,0.0,81894.875,90656.134,1421588.366,0.0,19.247,9.847,15.795,13.657,86.1,5.94,LST_ODISHA_2022_08.tif,3.0,4.0,1.0,3.0,3.0,4.0
Anugul,Anugul,21-384,2022_09,209,0.0,81894.875,90656.134,1421588.366,0.0,8.631,9.847,15.795,13.657,86.1,5.94,LST_ODISHA_2022_09.tif,3.0,4.0,1.0,3.0,3.0,2.0
Anugul,Anugul,21-384,2022_10,209,0.0,81894.875,90656.134,1421588.366,0.0,31.457,9.847,15.795,13.657,86.1,5.94,LST_ODISHA_2022_10.tif,3.0,4.0,1.0,3.0,3.0,4.0
Anugul,Anugul,21-384,2022_11,209,0.0,81894.875,90656.134,1421588.366,0.0,0.0,9.847,15.795,13.657,86.1,5.94,LST_ODISHA_2022_11.tif,3.0,4.0,1.0,3.0,2.0,3.0
Anugul,Anugul,21-384,2022_12,209,0.0,81894.875,90656.134,1421588.366,0.0,0.0,9.847,15.795,13.657,86.1,5.94,LST_ODISHA_2022_12.tif,3.0,4.0,1.0,3.0,2.0,3.0
Anugul,Anugul,21-384,2023_01,209,0.0,84749.045,90931.373,1436472.641,0.0,0.0,9.847,15.795,13.657,86.1,5.94,LST_ODISHA_2023_01.tif,3.0,4.0,1.0,3.0,3.0,2.0
Anugul,Anugul,21-384,2023_02,209,0.0,84749.045,90931.373,1436472.641,0.0,0.0,9.847,15.795,13.657,86.1,5.94,LST_ODISHA_2023_02.tif,3.0,4.0,1.0,3.0,2.0,3.0
Anugul,Anugul,21-384,2023_03,209,0.0,84749.045,90931.373,1436472.641,0.0,11.563,9.847,15.795,13.657,86.1,5.94,LST_ODISHA_2023_03.tif,3.0,4.0,1.0,3.0,3.0,4.0
Anugul,Anugul,21-384,2023_04,209,0.0,84749.045,90931.373,1436472.641,0.0,0.0,9.847,15.795,13.657,86.1,5.94,LST_ODISHA_2023_04.tif,3.0,4.0,1.0,3.0,1.0,3.0
Anugul,Anugul,21-384,2023_05,209,0.0,84749.045,90931.373,1436472.641,0.0,5.309,9.847,15.795,13.657,86.1,5.94,LST_ODISHA_2023_05.tif,3.0,4.0,1.0,3.0,2.0,4.0
Anugul,Anugul,21-384,2023_06,209,0.0,84749.045,90931.373,1436472.641,0.0,26.836,9.847,15.795,13.657,86.1,5.94,LST_ODISHA_2023_06.tif,4.0,4.0,1.0,3.0,3.0,3.0
Anugul,Anugul,21-384,2023_07,209,0.0,84749.045,90931.373,1436472.641,0.0,38.305,9.847,15.795,13.657,86.1,5.94,LST_ODISHA_2023_07.tif,4.0,4.0,1.0,3.0,3.0,2.0
Anugul,Anugul,21-384,2023_08,209,0.0,84749.045,90931.373,1436472.641,0.0,23.287,9.847,15.795,13.657,86.1,5.94,LST_ODISHA_2023_08.tif,4.0,4.0,1.0,3.0,3.0,2.0
Anugul,Anugul,21-384,2023_09,209,0.0,84749.045,90931.373,1436472.641,0.0,37.123,9.847,15.795,13.657,86.1,5.94,LST_ODISHA_2023_09.tif,5.0,4.0,1.0,3.0,4.0,3.0
Anugul,Anugul,21-384,2023_10,209,0.0,84749.045,90931.373,1436472.641,0.0,43.121,9.847,15.795,13.657,86.1,5.94,LST_ODISHA_2023_10.tif,3.0,4.0,1.0,3.0,3.0,4.0
Anugul,Anugul,21-384,2023_11,209,0.0,84749.045,90931.373,1436472.641,0.0,4.38,9.847,15.795,13.657,86.1,5.94,LST_ODISHA_2023_11.tif,3.0,4.0,1.0,3.0,2.0,3.0
Anugul,Anugul,21-384,2023_12,209,0.0,84749.045,90931.373,1436472.641,0.0,0.0,9.847,15.795,13.657,86.1,5.94,LST_ODISHA_2023_12.tif,3.0,4.0,1.0,3.0,1.0,2.0
Anugul,Anugul,21-384,2024_01,209,0.0,87603.215,91206.612,1451356.917,0.0,0.0,9.847,15.795,13.657,86.1,5.94,LST_ODISHA_2024_01.tif,3.0,3.0,1.0,3.0,1.0,2.0
Anugul,Anugul,21-384,2024_02,209,0.0,87603.215,91206.612,1451356.917,0.0,0.028,9.847,15.795,13.657,86.1,5.94,LST_ODISHA_2024_02.tif,2.0,3.0,1.0,3.0,2.0,3.0
Anugul,Anugul,21-384,2024_03,209,0.0,87603.215,91206.612,1451356.917,0.0,40.106,9.847,15.795,13.657,86.1,5.94,LST_ODISHA_2024_03.tif,4.0,3.0,1.0,3.0,4.0,3.0
Anugul,Anugul,21-384,2024_04,209,0.0,87603.215,91206.612,1451356.917,0.0,3.092,9.847,15.795,13.657,86.1,5.94,LST_ODISHA_2024_04.tif,2.0,3.0,1.0,3.0,2.0,3.0
Anugul,Anugul,21-384,2024_05,209,0.0,87603.215,91206.612,1451356.917,0.0,29.558,9.847,15.795,13.657,86.1,5.94,LST_ODISHA_2024_05.tif,3.0,3.0,1.0,4.0,3.0,3.0
Anugul,Anugul,21-384,2024_06,209,0.0,87603.215,91206.612,1451356.917,0.0,46.02,9.847,15.795,13.657,86.1,5.94,LST_ODISHA_2024_06.tif,4.0,3.0,1.0,4.0,4.0,3.0
Anugul,Anugul,21-384,2024_07,209,0.0,87603.215,91206.612,1451356.917,0.0,20.051,9.847,15.795,13.657,86.1,5.94,LST_ODISHA_2024_07.tif,3.0,3.0,1.0,4.0,3.0,5.0
Anugul,Anugul,21-384,2024_08,209,0.0,87603.215,91206.612,1451356.917,0.0,2.903,9.847,15.795,13.657,86.1,5.94,LST_ODISHA_2024_08.tif,2.0,3.0,1.0,4.0,2.0,3.0
Anugul,Anugul,21-384,2024_09,209,0.0,87603.215,91206.612,1451356.917,0.0,24.368,9.847,15.795,13.657,86.1,5.94,LST_ODISHA_2024_09.tif,4.0,3.0,1.0,4.0,4.0,4.0
Anugul,Anugul,21-384,2024_10,209,0.0,87603.215,91206.612,1451356.917,0.0,73.587,9.847,15.795,13.657,86.1,5.94,LST_ODISHA_2024_10.tif,3.0,3.0,1.0,4.0,3.0,5.0
Anugul,Anugul,21-384,2024_11,209,0.0,87603.215,91206.612,1451356.917,0.0,2.247,9.847,15.795,13.657,86.1,5.94,LST_ODISHA_2024_11.tif,3.0,3.0,1.0,4.0,3.0,3.0
Anugul,Anugul,21-384,2024_12,209,0.0,87603.215,91206.612,1451356.917,0.0,0.0,9.847,15.795,13.657,86.1,5.94,LST_ODISHA_2024_12.tif,3.0,3.0,1.0,4.0,2.0,3.0
Anugul,Anugul,21-384,2025_01,209,0.0,90457.385,91481.851,1466241.193,0.0,0.0,9.847,15.795,13.657,86.1,5.94,LST_ODISHA_2025_01.tif,3.0,3.0,1.0,4.0,3.0,3.0
Anugul,Anugul,21-384,2025_02,209,0.0,90457.385,91481.851,1466241.193,0.0,0.0,9.847,15.795,13.657,86.1,5.94,LST_ODISHA_2025_02.tif,3.0,3.0,1.0,4.0,2.0,3.0
Anugul,Anugul,21-384,2025_03,209,0.0,90457.385,91481.851,1466241.193,0.0,42.073,9.847,15.795,13.657,86.1,5.94,LST_ODISHA_2025_03.tif,3.0,3.0,1.0,4.0,3.0,3.0
Anugul,Anugul,21-384,2025_04,209,0.0,90457.385,91481.851,1466241.193,0.0,0.764,9.847,15.795,13.657,86.1,5.94,LST_ODISHA_2025_04.tif,2.0,3.0,1.0,3.0,2.0,3.0
Anugul,Anugul,21-384,2025_05,209,0.0,90457.385,91481.851,1466241.193,0.0,7.539,9.847,15.795,13.657,86.1,5.94,LST_ODISHA_2025_05.tif,3.0,3.0,1.0,3.0,3.0,2.0
Anugul,Anugul,21-384,2025_06,209,0.0,90457.385,91481.851,1466241.193,0.0,1.554,9.847,15.795,13.657,86.1,5.94,LST_ODISHA_2025_06.tif,3.0,3.0,1.0,3.0,3.0,4.0
Anugul,Anugul,21-384,2025_07,209,0.0,90457.385,91481.851,1466241.193,0.0,19.686,9.847,15.795,13.657,86.1,5.94,LST_ODISHA_2025_07.tif,3.0,3.0,1.0,3.0,3.0,5.0
Anugul,Anugul,21-384,2025_08,209,0.0,90457.385,91481.851,1466241.193,0.0,22.518,9.847,15.795,13.657,86.1,5.94,LST_ODISHA_2025_08.tif,3.0,3.0,1.0,3.0,3.0,3.0
Anugul,Anugul,21-384,2025_09,209,0.0,90457.385,91481.851,1466241.193,0.0,17.918,9.847,15.795,13.657,86.1,5.94,LST_ODISHA_2025_09.tif,4.0,3.0,1.0,4.0,3.0,4.0
Anugul,Anugul,21-384,2025_10,209,0.0,90457.385,91481.851,1466241.193,0.0,43.561,9.847,15.795,13.657,86.1,5.94,LST_ODISHA_2025_10.tif,4.0,3.0,1.0,3.0,4.0,5.0
Anugul,Anugul,21-384,2025_11,209,0.0,90457.385,91481.851,1466241.193,0.0,1.579,9.847,15.795,13.657,86.1,5.94,LST_ODISHA_2025_11.tif,2.0,3.0,1.0,3.0,2.0,4.0
Anugul,Anugul,21-384,2025_12,209,0.0,90457.385,91481.851,1466241.193,0.0,0.0,9.847,15.795,13.657,86.1,5.94,LST_ODISHA_2025_12.tif,3.0,3.0,1.0,3.0,3.0,3.0
Anugul,Anugul,21-384,2026_01,209,0.0,93311.555,91757.09,1481125.469,0.0,0.0,9.847,15.795,13.657,86.1,5.94,LST_ODISHA_2026_01.tif,3.0,3.0,1.0,3.0,3.0,3.0
Anugul,Anugul,21-384,2026_02,209,0.0,93311.555,91757.09,1481125.469,0.0,0.0,9.847,15.795,13.657,86.1,5.94,LST_ODISHA_2026_02.tif,3.0,3.0,1.0,3.0,3.0,3.0
Anugul,Anugul,21-384,2026_03,209,0.0,93311.555,91757.09,1481125.469,0.0,28.253,9.847,15.795,13.657,86.1,5.94,LST_ODISHA_2026_03.tif,3.0,3.0,1.0,3.0,3.0,4.0
Balangir,Balangir,21-393,2021_01,278,0.0,166648.495,175831.885,2069657.023,0.0,0.0,10.139,10.971,13.472,87.7,4.345,LST_ODISHA_2021_01.tif,3.0,3.0,1.0,3.0,1.0,5.0
Balangir,Balangir,21-393,2021_02,278,0.0,166648.495,175831.885,2069657.023,0.0,0.0,10.139,10.971,13.472,87.7,4.345,LST_ODISHA_2021_02.tif,2.0,3.0,1.0,3.0,1.0,5.0
Balangir,Balangir,21-393,2021_03,278,100525393.0,166648.495,175831.885,2069657.023,100525393.0,24.274,10.139,10.971,13.472,87.7,4.345,LST_ODISHA_2021_03.tif,2.0,3.0,1.0,1.0,2.0,5.0
Balangir,Balangir,21-393,2021_04,278,2712582.0,166648.495,175831.885,2069657.023,2712582.0,0.0,10.139,10.971,13.472,87.7,4.345,LST_ODISHA_2021_04.tif,3.0,3.0,1.0,3.0,2.0,5.0
Balangir,Balangir,21-393,2021_05,278,93382940.0,166648.495,175831.885,2069657.023,96095522.0,0.259,10.139,10.971,13.472,87.7,4.345,LST_ODISHA_2021_05.tif,2.0,3.0,1.0,2.0,1.0,5.0
Balangir,Balangir,21-393,2021_06,278,80853509.0,166648.495,175831.885,2069657.023,176949031.0,3.532,10.139,10.971,13.472,87.7,4.345,LST_ODISHA_2021_06.tif,4.0,3.0,1.0,2.0,3.0,5.0
Balangir,Balangir,21-393,2021_07,278,106072705.0,166648.495,175831.885,2069657.023,283021736.0,15.054,10.139,10.971,13.472,87.7,4.345,LST_ODISHA_2021_07.tif,2.0,3.0,1.0,2.0,2.0,4.0
Balangir,Balangir,21-393,2021_08,278,65805156.0,166648.495,175831.885,2069657.023,348826892.0,22.064,10.139,10.971,13.472,87.7,4.345,LST_ODISHA_2021_08.tif,3.0,3.0,1.0,3.0,3.0,2.0
Balangir,Balangir,21-393,2021_09,278,60737252.0,166648.495,175831.885,2069657.023,409564144.0,6.283,10.139,10.971,13.472,87.7,4.345,LST_ODISHA_2021_09.tif,5.0,3.0,1.0,3.0,4.0,5.0
Balangir,Balangir,21-393,2021_10,278,63883162.0,166648.495,175831.885,2069657.023,473447306.0,53.485,10.139,10.971,13.472,87.7,4.345,LST_ODISHA_2021_10.tif,3.0,3.0,1.0,3.0,3.0,5.0
Balangir,Balangir,21-393,2021_11,278,11481661.0,166648.495,175831.885,2069657.023,484928967.0,2.633,10.139,10.971,13.472,87.7,4.345,LST_ODISHA_2021_11.tif,3.0,3.0,1.0,3.0,3.0,5.0
Balangir,Balangir,21-393,2021_12,278,23960669.0,166648.495,175831.885,2069657.023,508889636.0,0.0,10.139,10.971,13.472,87.7,4.345,LST_ODISHA_2021_12.tif,3.0,3.0,1.0,3.0,2.0,5.0
Balangir,Balangir,21-393,2022_01,278,0.0,174072.873,178073.152,2109615.674,508889636.0,0.0,10.139,10.971,13.472,87.7,4.345,LST_ODISHA_2022_01.tif,3.0,3.0,1.0,3.0,3.0,4.0
Balangir,Balangir,21-393,2022_02,278,124462257.9,174072.873,178073.152,2109615.674,633351893.9,0.0,10.139,10.971,13.472,87.7,4.345,LST_ODISHA_2022_02.tif,3.0,3.0,1.0,3.0,3.0,5.0
Balangir,Balangir,21-393,2022_03,278,0.0,174072.873,178073.152,2109615.674,633351893.9,37.57,10.139,10.971,13.472,87.7,4.345,LST_ODISHA_2022_03.tif,3.0,3.0,1.0,3.0,3.0,5.0
Balangir,Balangir,21-393,2022_04,278,0.0,174072.873,178073.152,2109615.674,0.0,0.058,10.139,10.971,13.472,87.7,4.345,LST_ODISHA_2022_04.tif,2.0,3.0,1.0,3.0,2.0,5.0
Balangir,Balangir,21-393,2022_05,278,0.0,174072.873,178073.152,2109615.674,0.0,14.746,10.139,10.971,13.472,87.7,4.345,LST_ODISHA_2022_05.tif,4.0,3.0,1.0,3.0,4.0,5.0
Balangir,Balangir,21-393,2022_06,278,394636.0,174072.873,178073.152,2109615.674,394636.0,13.009,10.139,10.971,13.472,87.7,4.345,LST_ODISHA_2022_06.tif,2.0,3.0,1.0,3.0,2.0,5.0
Balangir,Balangir,21-393,2022_07,278,0.0,174072.873,178073.152,2109615.674,394636.0,12.776,10.139,10.971,13.472,87.7,4.345,LST_ODISHA_2022_07.tif,4.0,3.0,1.0,3.0,4.0,5.0
Balangir,Balangir,21-393,2022_08,278,0.0,174072.873,178073.152,2109615.674,394636.0,22.959,10.139,10.971,13.472,87.7,4.345,LST_ODISHA_2022_08.tif,4.0,3.0,1.0,3.0,4.0,4.0
Balangir,Balangir,21-393,2022_09,278,0.0,174072.873,178073.152,2109615.674,394636.0,11.094,10.139,10.971,13.472,87.7,4.345,LST_ODISHA_2022_09.tif,4.0,3.0,1.0,3.0,3.0,5.0
Balangir,Balangir,21-393,2022_10,278,0.0,174072.873,178073.152,2109615.674,394636.0,36.233,10.139,10.971,13.472,87.7,4.345,LST_ODISHA_2022_10.tif,5.0,3.0,1.0,3.0,4.0,5.0
Balangir,Balangir,21-393,2022_11,278,5620635.0,174072.873,178073.152,2109615.674,6015271.0,0.0,10.139,10.971,13.472,87.7,4.345,LST_ODISHA_2022_11.tif,3.0,3.0,1.0,3.0,2.0,4.0
Balangir,Balangir,21-393,2022_12,278,0.0,174072.873,178073.152,2109615.674,6015271.0,0.0,10.139,10.971,13.472,87.7,4.345,LST_ODISHA_2022_12.tif,3.0,3.0,1.0,3.0,2.0,5.0
Balangir,Balangir,21-393,2023_01,278,0.0,181497.251,180314.419,2149574.325,6015271.0,0.0,10.139,10.971,13.472,87.7,4.345,LST_ODISHA_2023_01.tif,3.0,3.0,1.0,3.0,3.0,4.0
Balangir,Balangir,21-393,2023_02,278,0.0,181497.251,180314.419,2149574.325,6015271.0,0.0,10.139,10.971,13.472,87.7,4.345,LST_ODISHA_2023_02.tif,3.0,3.0,1.0,3.0,2.0,5.0
Balangir,Balangir,21-393,2023_03,278,0.0,181497.251,180314.419,2149574.325,6015271.0,8.589,10.139,10.971,13.472,87.7,4.345,LST_ODISHA_2023_03.tif,2.0,3.0,1.0,3.0,3.0,5.0
Balangir,Balangir,21-393,2023_04,278,0.0,181497.251,180314.419,2149574.325,0.0,0.0,10.139,10.971,13.472,87.7,4.345,LST_ODISHA_2023_04.tif,3.0,3.0,1.0,3.0,1.0,5.0
Balangir,Balangir,21-393,2023_05,278,0.0,181497.251,180314.419,2149574.325,0.0,2.75,10.139,10.971,13.472,87.7,4.345,LST_ODISHA_2023_05.tif,2.0,3.0,1.0,3.0,1.0,5.0
Balangir,Balangir,21-393,2023_06,278,0.0,181497.251,180314.419,2149574.325,0.0,20.068,10.139,10.971,13.472,87.7,4.345,LST_ODISHA_2023_06.tif,2.0,3.0,1.0,3.0,1.0,5.0
Balangir,Balangir,21-393,2023_07,278,0.0,181497.251,180314.419,2149574.325,0.0,33.042,10.139,10.971,13.472,87.7,4.345,LST_ODISHA_2023_07.tif,3.0,3.0,1.0,3.0,3.0,4.0
Balangir,Balangir,21-393,2023_08,278,0.0,181497.251,180314.419,2149574.325,0.0,16.158,10.139,10.971,13.472,87.7,4.345,LST_ODISHA_2023_08.tif,2.0,3.0,1.0,3.0,2.0,3.0
Balangir,Balangir,21-393,2023_09,278,0.0,181497.251,180314.419,2149574.325,0.0,27.913,10.139,10.971,13.472,87.7,4.345,LST_ODISHA_2023_09.tif,3.0,3.0,1.0,3.0,3.0,3.0
Balangir,Balangir,21-393,2023_10,278,0.0,181497.251,180314.419,2149574.325,0.0,38.711,10.139,10.971,13.472,87.7,4.345,LST_ODISHA_2023_10.tif,2.0,3.0,1.0,3.0,2.0,4.0
Balangir,Balangir,21-393,2023_11,278,0.0,181497.251,180314.419,2149574.325,0.0,4.989,10.139,10.971,13.472,87.7,4.345,LST_ODISHA_2023_11.tif,3.0,3.0,1.0,3.0,2.0,5.0
Balangir,Balangir,21-393,2023_12,278,0.0,181497.251,180314.419,2149574.325,0.0,0.0,10.139,10.971,13.472,87.7,4.345,LST_ODISHA_2023_12.tif,3.0,3.0,1.0,3.0,1.0,4.0
Balangir,Balangir,21-393,2024_01,278,0.0,188921.629,182555.686,2189532.976,0.0,0.0,10.139,10.971,13.472,87.7,4.345,LST_ODISHA_2024_01.tif,3.0,3.0,1.0,3.0,1.0,4.0
Balangir,Balangir,21-393,2024_02,278,0.0,188921.629,182555.686,2189532.976,0.0,0.243,10.139,10.971,13.472,87.7,4.345,LST_ODISHA_2024_02.tif,3.0,3.0,1.0,3.0,3.0,5.0
Balangir,Balangir,21-393,2024_03,278,0.0,188921.629,182555.686,2189532.976,0.0,31.935,10.139,10.971,13.472,87.7,4.345,LST_ODISHA_2024_03.tif,2.0,3.0,1.0,3.0,2.0,4.0
Balangir,Balangir,21-393,2024_04,278,1603637.59,188921.629,182555.686,2189532.976,1603637.59,2.413,10.139,10.971,13.472,87.7,4.345,LST_ODISHA_2024_04.tif,2.0,3.0,1.0,3.0,2.0,4.0
Balangir,Balangir,21-393,2024_05,278,215327.0,188921.629,182555.686,2189532.976,1818964.59,29.997,10.139,10.971,13.472,87.7,4.345,LST_ODISHA_2024_05.tif,3.0,3.0,1.0,3.0,3.0,5.0
Balangir,Balangir,21-393,2024_06,278,863417.0,188921.629,182555.686,2189532.976,2682381.59,50.318,10.139,10.971,13.472,87.7,4.345,LST_ODISHA_2024_06.tif,4.0,3.0,1.0,3.0,3.0,5.0
Balangir,Balangir,21-393,2024_07,278,0.0,188921.629,182555.686,2189532.976,2682381.59,19.025,10.139,10.971,13.472,87.7,4.345,LST_ODISHA_2024_07.tif,3.0,3.0,1.0,4.0,3.0,0.0
Balangir,Balangir,21-393,2024_08,278,159021229.91,188921.629,182555.686,2189532.976,161703611.5,3.92,10.139,10.971,13.472,87.7,4.345,LST_ODISHA_2024_08.tif,2.0,3.0,1.0,1.0,1.0,3.0
Balangir,Balangir,21-393,2024_09,278,5625582.0,188921.629,182555.686,2189532.976,167329193.5,20.352,10.139,10.971,13.472,87.7,4.345,LST_ODISHA_2024_09.tif,3.0,3.0,1.0,2.0,3.0,5.0
Balangir,Balangir,21-393,2024_10,278,0.0,188921.629,182555.686,2189532.976,167329193.5,74.251,10.139,10.971,13.472,87.7,4.345,LST_ODISHA_2024_10.tif,4.0,3.0,1.0,2.0,3.0,5.0
Balangir,Balangir,21-393,2024_11,278,0.0,188921.629,182555.686,2189532.976,167329193.5,1.308,10.139,10.971,13.472,87.7,4.345,LST_ODISHA_2024_11.tif,2.0,3.0,1.0,2.0,1.0,5.0
Balangir,Balangir,21-393,2024_12,278,0.0,188921.629,182555.686,2189532.976,167329193.5,0.0,10.139,10.971,13.472,87.7,4.345,LST_ODISHA_2024_12.tif,3.0,3.0,1.0,2.0,1.0,5.0
Balangir,Balangir,21-393,2025_01,278,0.0,196346.007,184796.953,2229491.627,167329193.5,0.0,10.139,10.971,13.472,87.7,4.345,LST_ODISHA_2025_01.tif,3.0,3.0,1.0,2.0,2.0,5.0
Balangir,Balangir,21-393,2025_02,278,0.0,196346.007,184796.953,2229491.627,167329193.5,0.0,10.139,10.971,13.472,87.7,4.345,LST_ODISHA_2025_02.tif,3.0,3.0,1.0,2.0,1.0,5.0
Balangir,Balangir,21-393,2025_03,278,0.0,196346.007,184796.953,2229491.627,167329193.5,44.867,10.139,10.971,13.472,87.7,4.345,LST_ODISHA_2025_03.tif,4.0,3.0,1.0,2.0,3.0,5.0
Balangir,Balangir,21-393,2025_04,278,0.0,196346.007,184796.953,2229491.627,0.0,1.07,10.139,10.971,13.472,87.7,4.345,LST_ODISHA_2025_04.tif,2.0,3.0,1.0,3.0,2.0,5.0
Balangir,Balangir,21-393,2025_05,278,432699.504,196346.007,184796.953,2229491.627,432699.504,12.385,10.139,10.971,13.472,87.7,4.345,LST_ODISHA_2025_05.tif,4.0,3.0,1.0,3.0,3.0,5.0
Balangir,Balangir,21-393,2025_06,278,0.0,196346.007,184796.953,2229491.627,432699.504,1.322,10.139,10.971,13.472,87.7,4.345,LST_ODISHA_2025_06.tif,2.0,3.0,1.0,3.0,2.0,5.0
Balangir,Balangir,21-393,2025_07,278,56148303.36,196346.007,184796.953,2229491.627,56581002.864,25.325,10.139,10.971,13.472,87.7,4.345,LST_ODISHA_2025_07.tif,4.0,3.0,1.0,3.0,4.0,0.0
Balangir,Balangir,21-393,2025_08,278,0.0,196346.007,184796.953,2229491.627,56581002.864,24.138,10.139,10.971,13.472,87.7,4.345,LST_ODISHA_2025_08.tif,3.0,3.0,1.0,3.0,3.0,4.0
Balangir,Balangir,21-393,2025_09,278,0.0,196346.007,184796.953,2229491.627,56581002.864,18.069,10.139,10.971,13.472,87.7,4.345,LST_ODISHA_2025_09.tif,4.0,3.0,1.0,3.0,3.0,5.0
Balangir,Balangir,21-393,2025_10,278,0.0,196346.007,184796.953,2229491.627,56581002.864,39.991,10.139,10.971,13.472,87.7,4.345,LST_ODISHA_2025_10.tif,3.0,3.0,1.0,3.0,3.0,5.0
Balangir,Balangir,21-393,2025_11,278,0.0,196346.007,184796.953,2229491.627,56581002.864,0.686,10.139,10.971,13.472,87.7,4.345,LST_ODISHA_2025_11.tif,2.0,3.0,1.0,3.0,2.0,5.0
Balangir,Balangir,21-393,2025_12,278,0.0,196346.007,184796.953,2229491.627,56581002.864,0.0,10.139,10.971,13.472,87.7,4.345,LST_ODISHA_2025_12.tif,3.0,3.0,1.0,3.0,3.0,5.0
Balangir,Balangir,21-393,2026_01,278,0.0,203770.385,187038.22,2269450.277,56581002.864,0.0,10.139,10.971,13.472,87.7,4.345,LST_ODISHA_2026_01.tif,3.0,3.0,1.0,3.0,3.0,5.0
Balangir,Balangir,21-393,2026_02,278,0.0,203770.385,187038.22,2269450.277,56581002.864,0.0,10.139,10.971,13.472,87.7,4.345,LST_ODISHA_2026_02.tif,3.0,3.0,1.0,3.0,3.0,5.0
Balangir,Balangir,21-393,2026_03,278,0.0,203770.385,187038.22,2269450.277,56581002.864,28.394,10.139,10.971,13.472,87.7,4.345,LST_ODISHA_2026_03.tif,3.0,3.0,1.0,3.0,3.0,5.0
Baleshwar,Baleshwar,21-377,2021_01,353,0.0,144633.66,154074.25,2531461.18,0.0,0.0,10.219,14.609,14.746,87.5,6.262,LST_ODISHA_2021_01.tif,3.0,4.0,2.0,3.0,2.0,3.0
Baleshwar,Baleshwar,21-377,2021_02,353,0.0,144633.66,154074.25,2531461.18,0.0,0.885,10.219,14.609,14.746,87.5,6.262,LST_ODISHA_2021_02.tif,4.0,4.0,2.0,3.0,3.0,3.0
Baleshwar,Baleshwar,21-377,2021_03,353,0.0,144633.66,154074.25,2531461.18,0.0,37.439,10.219,14.609,14.746,87.5,6.262,LST_ODISHA_2021_03.tif,4.0,4.0,2.0,3.0,4.0,1.0
Baleshwar,Baleshwar,21-377,2021_04,353,2068194.42,144633.66,154074.25,2531461.18,2068194.42,0.0,10.219,14.609,14.746,87.5,6.262,LST_ODISHA_2021_04.tif,3.0,4.0,2.0,3.0,2.0,1.0
Baleshwar,Baleshwar,21-377,2021_05,353,0.0,144633.66,154074.25,2531461.18,2068194.42,1.362,10.219,14.609,14.746,87.5,6.262,LST_ODISHA_2021_05.tif,2.0,4.0,2.0,3.0,2.0,1.0
Baleshwar,Baleshwar,21-377,2021_06,353,0.0,144633.66,154074.25,2531461.18,2068194.42,4.16,10.219,14.609,14.746,87.5,6.262,LST_ODISHA_2021_06.tif,5.0,4.0,2.0,4.0,4.0,1.0
Baleshwar,Baleshwar,21-377,2021_07,353,0.0,144633.66,154074.25,2531461.18,2068194.42,18.209,10.219,14.609,14.746,87.5,6.262,LST_ODISHA_2021_07.tif,3.0,4.0,2.0,4.0,3.0,2.0
Baleshwar,Baleshwar,21-377,2021_08,353,0.0,144633.66,154074.25,2531461.18,2068194.42,20.469,10.219,14.609,14.746,87.5,6.262,LST_ODISHA_2021_08.tif,2.0,4.0,2.0,3.0,3.0,4.0
Baleshwar,Baleshwar,21-377,2021_09,353,0.0,144633.66,154074.25,2531461.18,2068194.42,0.431,10.219,14.609,14.746,87.5,6.262,LST_ODISHA_2021_09.tif,1.0,4.0,2.0,3.0,2.0,1.0
Baleshwar,Baleshwar,21-377,2021_10,353,0.0,144633.66,154074.25,2531461.18,2068194.42,45.828,10.219,14.609,14.746,87.5,6.262,LST_ODISHA_2021_10.tif,1.0,4.0,2.0,3.0,2.0,2.0
Baleshwar,Baleshwar,21-377,2021_11,353,0.0,144633.66,154074.25,2531461.18,2068194.42,0.556,10.219,14.609,14.746,87.5,6.262,LST_ODISHA_2021_11.tif,2.0,4.0,2.0,3.0,2.0,4.0
Baleshwar,Baleshwar,21-377,2021_12,353,0.0,144633.66,154074.25,2531461.18,2068194.42,0.0,10.219,14.609,14.746,87.5,6.262,LST_ODISHA_2021_12.tif,3.0,4.0,2.0,3.0,2.0,3.0
Baleshwar,Baleshwar,21-377,2022_01,353,0.0,150310.7,155201.405,2564310.969,2068194.42,0.0,10.219,14.609,14.746,87.5,6.262,LST_ODISHA_2022_01.tif,3.0,4.0,2.0,3.0,3.0,3.0
Baleshwar,Baleshwar,21-377,2022_02,353,0.0,150310.7,155201.405,2564310.969,2068194.42,0.0,10.219,14.609,14.746,87.5,6.262,LST_ODISHA_2022_02.tif,3.0,4.0,2.0,3.0,3.0,2.0
Baleshwar,Baleshwar,21-377,2022_03,353,0.0,150310.7,155201.405,2564310.969,2068194.42,38.091,10.219,14.609,14.746,87.5,6.262,LST_ODISHA_2022_03.tif,4.0,4.0,2.0,3.0,4.0,1.0
Baleshwar,Baleshwar,21-377,2022_04,353,0.0,150310.7,155201.405,2564310.969,0.0,3.0,10.219,14.609,14.746,87.5,6.262,LST_ODISHA_2022_04.tif,3.0,4.0,2.0,3.0,3.0,1.0
Baleshwar,Baleshwar,21-377,2022_05,353,0.0,150310.7,155201.405,2564310.969,0.0,5.399,10.219,14.609,14.746,87.5,6.262,LST_ODISHA_2022_05.tif,2.0,4.0,2.0,3.0,3.0,2.0
Baleshwar,Baleshwar,21-377,2022_06,353,29161436.0,150310.7,155201.405,2564310.969,29161436.0,13.57,10.219,14.609,14.746,87.5,6.262,LST_ODISHA_2022_06.tif,2.0,4.0,2.0,3.0,3.0,2.0
Baleshwar,Baleshwar,21-377,2022_07,353,0.0,150310.7,155201.405,2564310.969,29161436.0,9.526,10.219,14.609,14.746,87.5,6.262,LST_ODISHA_2022_07.tif,2.0,4.0,2.0,3.0,3.0,3.0
Baleshwar,Baleshwar,21-377,2022_08,353,204495.0,150310.7,155201.405,2564310.969,29365931.0,14.779,10.219,14.609,14.746,87.5,6.262,LST_ODISHA_2022_08.tif,1.0,4.0,2.0,3.0,2.0,0.0
Baleshwar,Baleshwar,21-377,2022_09,353,10362718.0,150310.7,155201.405,2564310.969,39728649.0,8.818,10.219,14.609,14.746,87.5,6.262,LST_ODISHA_2022_09.tif,3.0,4.0,2.0,3.0,3.0,3.0
Baleshwar,Baleshwar,21-377,2022_10,353,0.0,150310.7,155201.405,2564310.969,39728649.0,31.02,10.219,14.609,14.746,87.5,6.262,LST_ODISHA_2022_10.tif,3.0,4.0,2.0,3.0,3.0,4.0
Baleshwar,Baleshwar,21-377,2022_11,353,0.0,150310.7,155201.405,2564310.969,39728649.0,0.0,10.219,14.609,14.746,87.5,6.262,LST_ODISHA_2022_11.tif,3.0,4.0,2.0,3.0,2.0,4.0
Baleshwar,Baleshwar,21-377,2022_12,353,0.0,150310.7,155201.405,2564310.969,39728649.0,0.0,10.219,14.609,14.746,87.5,6.262,LST_ODISHA_2022_12.tif,3.0,4.0,2.0,3.0,2.0,5.0
Baleshwar,Baleshwar,21-377,2023_01,353,0.0,155987.74,156328.56,2597160.758,39728649.0,0.0,10.219,14.609,14.746,87.5,6.262,LST_ODISHA_2023_01.tif,3.0,4.0,2.0,3.0,3.0,3.0
Baleshwar,Baleshwar,21-377,2023_02,353,0.0,155987.74,156328.56,2597160.758,39728649.0,0.056,10.219,14.609,14.746,87.5,6.262,LST_ODISHA_2023_02.tif,3.0,4.0,2.0,3.0,2.0,3.0
Baleshwar,Baleshwar,21-377,2023_03,353,214331.0,155987.74,156328.56,2597160.758,39942980.0,15.358,10.219,14.609,14.746,87.5,6.262,LST_ODISHA_2023_03.tif,4.0,4.0,2.0,3.0,4.0,1.0
Baleshwar,Baleshwar,21-377,2023_04,353,0.0,155987.74,156328.56,2597160.758,0.0,0.265,10.219,14.609,14.746,87.5,6.262,LST_ODISHA_2023_04.tif,3.0,4.0,2.0,3.0,1.0,1.0
Baleshwar,Baleshwar,21-377,2023_05,353,0.0,155987.74,156328.56,2597160.758,0.0,11.604,10.219,14.609,14.746,87.5,6.262,LST_ODISHA_2023_05.tif,4.0,4.0,2.0,3.0,3.0,1.0
Baleshwar,Baleshwar,21-377,2023_06,353,0.0,155987.74,156328.56,2597160.758,0.0,27.814,10.219,14.609,14.746,87.5,6.262,LST_ODISHA_2023_06.tif,4.0,4.0,2.0,3.0,3.0,1.0
Baleshwar,Baleshwar,21-377,2023_07,353,0.0,155987.74,156328.56,2597160.758,0.0,33.015,10.219,14.609,14.746,87.5,6.262,LST_ODISHA_2023_07.tif,3.0,4.0,2.0,3.0,3.0,3.0
Baleshwar,Baleshwar,21-377,2023_08,353,0.0,155987.74,156328.56,2597160.758,0.0,23.733,10.219,14.609,14.746,87.5,6.262,LST_ODISHA_2023_08.tif,4.0,4.0,2.0,3.0,4.0,5.0
Baleshwar,Baleshwar,21-377,2023_09,353,0.0,155987.74,156328.56,2597160.758,0.0,21.752,10.219,14.609,14.746,87.5,6.262,LST_ODISHA_2023_09.tif,1.0,4.0,2.0,3.0,1.0,3.0
Baleshwar,Baleshwar,21-377,2023_10,353,0.0,155987.74,156328.56,2597160.758,0.0,41.124,10.219,14.609,14.746,87.5,6.262,LST_ODISHA_2023_10.tif,3.0,4.0,2.0,3.0,3.0,4.0
Baleshwar,Baleshwar,21-377,2023_11,353,0.0,155987.74,156328.56,2597160.758,0.0,3.976,10.219,14.609,14.746,87.5,6.262,LST_ODISHA_2023_11.tif,2.0,4.0,2.0,3.0,1.0,3.0
Baleshwar,Baleshwar,21-377,2023_12,353,0.0,155987.74,156328.56,2597160.758,0.0,0.0,10.219,14.609,14.746,87.5,6.262,LST_ODISHA_2023_12.tif,3.0,4.0,2.0,3.0,1.0,5.0
Baleshwar,Baleshwar,21-377,2024_01,353,0.0,161664.78,157455.715,2630010.547,0.0,0.0,10.219,14.609,14.746,87.5,6.262,LST_ODISHA_2024_01.tif,3.0,4.0,2.0,3.0,2.0,2.0
Baleshwar,Baleshwar,21-377,2024_02,353,0.0,161664.78,157455.715,2630010.547,0.0,0.619,10.219,14.609,14.746,87.5,6.262,LST_ODISHA_2024_02.tif,4.0,4.0,2.0,3.0,4.0,3.0
Baleshwar,Baleshwar,21-377,2024_03,353,0.0,161664.78,157455.715,2630010.547,0.0,38.256,10.219,14.609,14.746,87.5,6.262,LST_ODISHA_2024_03.tif,3.0,4.0,2.0,3.0,3.0,1.0
Baleshwar,Baleshwar,21-377,2024_04,353,130523645.72,161664.78,157455.715,2630010.547,130523645.72,4.593,10.219,14.609,14.746,87.5,6.262,LST_ODISHA_2024_04.tif,3.0,4.0,2.0,1.0,2.0,1.0
Baleshwar,Baleshwar,21-377,2024_05,353,4229369.0,161664.78,157455.715,2630010.547,134753014.72,22.033,10.219,14.609,14.746,87.5,6.262,LST_ODISHA_2024_05.tif,1.0,4.0,2.0,1.0,1.0,3.0
Baleshwar,Baleshwar,21-377,2024_06,353,0.0,161664.78,157455.715,2630010.547,134753014.72,47.213,10.219,14.609,14.746,87.5,6.262,LST_ODISHA_2024_06.tif,4.0,4.0,2.0,1.0,3.0,2.0
Baleshwar,Baleshwar,21-377,2024_07,353,0.0,161664.78,157455.715,2630010.547,134753014.72,21.201,10.219,14.609,14.746,87.5,6.262,LST_ODISHA_2024_07.tif,3.0,4.0,2.0,1.0,3.0,4.0
Baleshwar,Baleshwar,21-377,2024_08,353,0.0,161664.78,157455.715,2630010.547,134753014.72,7.493,10.219,14.609,14.746,87.5,6.262,LST_ODISHA_2024_08.tif,3.0,4.0,2.0,2.0,2.0,4.0
Baleshwar,Baleshwar,21-377,2024_09,353,59506769.0,161664.78,157455.715,2630010.547,194259783.72,18.258,10.219,14.609,14.746,87.5,6.262,LST_ODISHA_2024_09.tif,3.0,4.0,2.0,1.0,3.0,2.0
Baleshwar,Baleshwar,21-377,2024_10,353,119012916.0,161664.78,157455.715,2630010.547,313272699.72,70.635,10.219,14.609,14.746,87.5,6.262,LST_ODISHA_2024_10.tif,3.0,4.0,2.0,1.0,3.0,4.0
Baleshwar,Baleshwar,21-377,2024_11,353,0.0,161664.78,157455.715,2630010.547,313272699.72,2.12,10.219,14.609,14.746,87.5,6.262,LST_ODISHA_2024_11.tif,2.0,4.0,2.0,1.0,1.0,4.0
Baleshwar,Baleshwar,21-377,2024_12,353,0.0,161664.78,157455.715,2630010.547,313272699.72,0.0,10.219,14.609,14.746,87.5,6.262,LST_ODISHA_2024_12.tif,3.0,4.0,2.0,1.0,1.0,3.0
Baleshwar,Baleshwar,21-377,2025_01,353,7032192.0,167341.82,158582.87,2662860.336,320304891.72,0.0,10.219,14.609,14.746,87.5,6.262,LST_ODISHA_2025_01.tif,3.0,4.0,2.0,1.0,2.0,4.0
Baleshwar,Baleshwar,21-377,2025_02,353,0.0,167341.82,158582.87,2662860.336,320304891.72,0.0,10.219,14.609,14.746,87.5,6.262,LST_ODISHA_2025_02.tif,3.0,4.0,2.0,1.0,1.0,2.0
Baleshwar,Baleshwar,21-377,2025_03,353,10031707.62,167341.82,158582.87,2662860.336,330336599.34,37.689,10.219,14.609,14.746,87.5,6.262,LST_ODISHA_2025_03.tif,2.0,4.0,2.0,1.0,2.0,1.0
Baleshwar,Baleshwar,21-377,2025_04,353,0.0,167341.82,158582.87,2662860.336,0.0,7.615,10.219,14.609,14.746,87.5,6.262,LST_ODISHA_2025_04.tif,4.0,4.0,2.0,3.0,4.0,1.0
Baleshwar,Baleshwar,21-377,2025_05,353,4243690.0,167341.82,158582.87,2662860.336,4243690.0,2.38,10.219,14.609,14.746,87.5,6.262,LST_ODISHA_2025_05.tif,2.0,4.0,2.0,3.0,2.0,1.0
Baleshwar,Baleshwar,21-377,2025_06,353,0.0,167341.82,158582.87,2662860.336,4243690.0,2.025,10.219,14.609,14.746,87.5,6.262,LST_ODISHA_2025_06.tif,3.0,4.0,2.0,3.0,3.0,2.0
Baleshwar,Baleshwar,21-377,2025_07,353,0.0,167341.82,158582.87,2662860.336,4243690.0,8.577,10.219,14.609,14.746,87.5,6.262,LST_ODISHA_2025_07.tif,1.0,4.0,2.0,3.0,2.0,0.0
Baleshwar,Baleshwar,21-377,2025_08,353,0.0,167341.82,158582.87,2662860.336,4243690.0,17.164,10.219,14.609,14.746,87.5,6.262,LST_ODISHA_2025_08.tif,1.0,4.0,2.0,3.0,2.0,5.0
Baleshwar,Baleshwar,21-377,2025_09,353,0.0,167341.82,158582.87,2662860.336,4243690.0,8.509,10.219,14.609,14.746,87.5,6.262,LST_ODISHA_2025_09.tif,2.0,4.0,2.0,3.0,2.0,5.0
Baleshwar,Baleshwar,21-377,2025_10,353,325816.0,167341.82,158582.87,2662860.336,4569506.0,40.629,10.219,14.609,14.746,87.5,6.262,LST_ODISHA_2025_10.tif,3.0,4.0,2.0,3.0,3.0,3.0
Baleshwar,Baleshwar,21-377,2025_11,353,0.0,167341.82,158582.87,2662860.336,4569506.0,2.94,10.219,14.609,14.746,87.5,6.262,LST_ODISHA_2025_11.tif,3.0,4.0,2.0,3.0,3.0,4.0
Baleshwar,Baleshwar,21-377,2025_12,353,0.0,167341.82,158582.87,2662860.336,4569506.0,0.0,10.219,14.609,14.746,87.5,6.262,LST_ODISHA_2025_12.tif,3.0,4.0,2.0,3.0,3.0,3.0
Baleshwar,Baleshwar,21-377,2026_01,353,0.0,173018.86,159710.025,2695710.125,4569506.0,0.0,10.219,14.609,14.746,87.5,6.262,LST_ODISHA_2026_01.tif,3.0,4.0,2.0,3.0,3.0,2.0
Baleshwar,Baleshwar,21-377,2026_02,353,0.0,173018.86,159710.025,2695710.125,4569506.0,0.0,10.219,14.609,14.746,87.5,6.262,LST_ODISHA_2026_02.tif,3.0,4.0,2.0,3.0,3.0,3.0
Baleshwar,Baleshwar,21-377,2026_03,353,0.0,173018.86,159710.025,2695710.125,4569506.0,32.535,10.219,14.609,14.746,87.5,6.262,LST_ODISHA_2026_03.tif,4.0,4.0,2.0,3.0,4.0,1.0
Bargarh,Bargarh,21-370,2021_01,258,0.0,110515.435,98294.13,1576499.773,0.0,0.0,10.301,10.054,16.618,77.9,6.485,LST_ODISHA_2021_01.tif,3.0,2.0,1.0,3.0,1.0,3.0
Bargarh,Bargarh,21-370,2021_02,258,0.0,110515.435,98294.13,1576499.773,0.0,0.0,10.301,10.054,16.618,77.9,6.485,LST_ODISHA_2021_02.tif,2.0,2.0,1.0,3.0,1.0,3.0
Bargarh,Bargarh,21-370,2021_03,258,0.0,110515.435,98294.13,1576499.773,0.0,22.009,10.301,10.054,16.618,77.9,6.485,LST_ODISHA_2021_03.tif,1.0,2.0,1.0,3.0,2.0,2.0
Bargarh,Bargarh,21-370,2021_04,258,0.0,110515.435,98294.13,1576499.773,0.0,0.0,10.301,10.054,16.618,77.9,6.485,LST_ODISHA_2021_04.tif,3.0,2.0,1.0,3.0,2.0,3.0
Bargarh,Bargarh,21-370,2021_05,258,0.0,110515.435,98294.13,1576499.773,0.0,0.798,10.301,10.054,16.618,77.9,6.485,LST_ODISHA_2021_05.tif,2.0,2.0,1.0,4.0,2.0,3.0
Bargarh,Bargarh,21-370,2021_06,258,0.0,110515.435,98294.13,1576499.773,0.0,3.41,10.301,10.054,16.618,77.9,6.485,LST_ODISHA_2021_06.tif,4.0,2.0,1.0,4.0,3.0,4.0
Bargarh,Bargarh,21-370,2021_07,258,0.0,110515.435,98294.13,1576499.773,0.0,15.355,10.301,10.054,16.618,77.9,6.485,LST_ODISHA_2021_07.tif,2.0,2.0,1.0,4.0,2.0,2.0
Bargarh,Bargarh,21-370,2021_08,258,11670491.0,110515.435,98294.13,1576499.773,11670491.0,18.902,10.301,10.054,16.618,77.9,6.485,LST_ODISHA_2021_08.tif,2.0,2.0,1.0,3.0,2.0,3.0
Bargarh,Bargarh,21-370,2021_09,258,0.0,110515.435,98294.13,1576499.773,11670491.0,4.369,10.301,10.054,16.618,77.9,6.485,LST_ODISHA_2021_09.tif,4.0,2.0,1.0,3.0,4.0,1.0
Bargarh,Bargarh,21-370,2021_10,258,0.0,110515.435,98294.13,1576499.773,11670491.0,53.564,10.301,10.054,16.618,77.9,6.485,LST_ODISHA_2021_10.tif,3.0,2.0,1.0,3.0,3.0,4.0
Bargarh,Bargarh,21-370,2021_11,258,0.0,110515.435,98294.13,1576499.773,11670491.0,1.979,10.301,10.054,16.618,77.9,6.485,LST_ODISHA_2021_11.tif,3.0,2.0,1.0,3.0,3.0,5.0
Bargarh,Bargarh,21-370,2021_12,258,0.0,110515.435,98294.13,1576499.773,11670491.0,0.0,10.301,10.054,16.618,77.9,6.485,LST_ODISHA_2021_12.tif,3.0,2.0,1.0,3.0,2.0,4.0
Bargarh,Bargarh,21-370,2022_01,258,0.0,114357.162,98420.789,1591535.862,11670491.0,0.0,10.301,10.054,16.618,77.9,6.485,LST_ODISHA_2022_01.tif,3.0,2.0,1.0,3.0,3.0,3.0
Bargarh,Bargarh,21-370,2022_02,258,0.0,114357.162,98420.789,1591535.862,11670491.0,0.0,10.301,10.054,16.618,77.9,6.485,LST_ODISHA_2022_02.tif,3.0,2.0,1.0,3.0,3.0,3.0
Bargarh,Bargarh,21-370,2022_03,258,0.0,114357.162,98420.789,1591535.862,11670491.0,38.16,10.301,10.054,16.618,77.9,6.485,LST_ODISHA_2022_03.tif,4.0,2.0,1.0,3.0,4.0,3.0
Bargarh,Bargarh,21-370,2022_04,258,452451553.832,114357.162,98420.789,1591535.862,452451553.832,0.0,10.301,10.054,16.618,77.9,6.485,LST_ODISHA_2022_04.tif,2.0,2.0,1.0,1.0,1.0,4.0
Bargarh,Bargarh,21-370,2022_05,258,311888961.0,114357.162,98420.789,1591535.862,764340514.832,17.494,10.301,10.054,16.618,77.9,6.485,LST_ODISHA_2022_05.tif,4.0,2.0,1.0,1.0,3.0,4.0
Bargarh,Bargarh,21-370,2022_06,258,506620890.0,114357.162,98420.789,1591535.862,1270961404.832,13.679,10.301,10.054,16.618,77.9,6.485,LST_ODISHA_2022_06.tif,2.0,2.0,1.0,1.0,1.0,5.0
Bargarh,Bargarh,21-370,2022_07,258,238307727.0,114357.162,98420.789,1591535.862,1509269131.832,12.086,10.301,10.054,16.618,77.9,6.485,LST_ODISHA_2022_07.tif,4.0,2.0,1.0,1.0,3.0,1.0
Bargarh,Bargarh,21-370,2022_08,258,20971340.0,114357.162,98420.789,1591535.862,1530240471.832,21.197,10.301,10.054,16.618,77.9,6.485,LST_ODISHA_2022_08.tif,3.0,2.0,1.0,1.0,2.0,5.0
Bargarh,Bargarh,21-370,2022_09,258,0.0,114357.162,98420.789,1591535.862,1530240471.832,8.272,10.301,10.054,16.618,77.9,6.485,LST_ODISHA_2022_09.tif,3.0,2.0,1.0,1.0,2.0,4.0
Bargarh,Bargarh,21-370,2022_10,258,595665.0,114357.162,98420.789,1591535.862,1530836136.832,33.131,10.301,10.054,16.618,77.9,6.485,LST_ODISHA_2022_10.tif,4.0,2.0,1.0,1.0,3.0,4.0
Bargarh,Bargarh,21-370,2022_11,258,0.0,114357.162,98420.789,1591535.862,1530836136.832,0.0,10.301,10.054,16.618,77.9,6.485,LST_ODISHA_2022_11.tif,3.0,2.0,1.0,1.0,1.0,4.0
Bargarh,Bargarh,21-370,2022_12,258,0.0,114357.162,98420.789,1591535.862,1530836136.832,0.0,10.301,10.054,16.618,77.9,6.485,LST_ODISHA_2022_12.tif,3.0,2.0,1.0,1.0,1.0,5.0
Bargarh,Bargarh,21-370,2023_01,258,0.0,118198.889,98547.448,1606571.95,1530836136.832,0.0,10.301,10.054,16.618,77.9,6.485,LST_ODISHA_2023_01.tif,3.0,2.0,1.0,1.0,1.0,3.0
Bargarh,Bargarh,21-370,2023_02,258,0.0,118198.889,98547.448,1606571.95,1530836136.832,0.0,10.301,10.054,16.618,77.9,6.485,LST_ODISHA_2023_02.tif,3.0,2.0,1.0,1.0,1.0,3.0
Bargarh,Bargarh,21-370,2023_03,258,0.0,118198.889,98547.448,1606571.95,1530836136.832,8.121,10.301,10.054,16.618,77.9,6.485,LST_ODISHA_2023_03.tif,2.0,2.0,1.0,1.0,2.0,2.0
Bargarh,Bargarh,21-370,2023_04,258,0.0,118198.889,98547.448,1606571.95,0.0,0.0,10.301,10.054,16.618,77.9,6.485,LST_ODISHA_2023_04.tif,3.0,2.0,1.0,3.0,1.0,2.0
Bargarh,Bargarh,21-370,2023_05,258,0.0,118198.889,98547.448,1606571.95,0.0,2.794,10.301,10.054,16.618,77.9,6.485,LST_ODISHA_2023_05.tif,2.0,2.0,1.0,3.0,1.0,4.0
Bargarh,Bargarh,21-370,2023_06,258,0.0,118198.889,98547.448,1606571.95,0.0,21.5,10.301,10.054,16.618,77.9,6.485,LST_ODISHA_2023_06.tif,2.0,2.0,1.0,3.0,1.0,5.0
Bargarh,Bargarh,21-370,2023_07,258,0.0,118198.889,98547.448,1606571.95,0.0,37.431,10.301,10.054,16.618,77.9,6.485,LST_ODISHA_2023_07.tif,4.0,2.0,1.0,3.0,3.0,2.0
Bargarh,Bargarh,21-370,2023_08,258,0.0,118198.889,98547.448,1606571.95,0.0,14.13,10.301,10.054,16.618,77.9,6.485,LST_ODISHA_2023_08.tif,2.0,2.0,1.0,3.0,2.0,3.0
Bargarh,Bargarh,21-370,2023_09,258,0.0,118198.889,98547.448,1606571.95,0.0,27.802,10.301,10.054,16.618,77.9,6.485,LST_ODISHA_2023_09.tif,3.0,2.0,1.0,3.0,3.0,3.0
Bargarh,Bargarh,21-370,2023_10,258,0.0,118198.889,98547.448,1606571.95,0.0,41.55,10.301,10.054,16.618,77.9,6.485,LST_ODISHA_2023_10.tif,3.0,2.0,1.0,3.0,3.0,4.0
Bargarh,Bargarh,21-370,2023_11,258,0.0,118198.889,98547.448,1606571.95,0.0,3.776,10.301,10.054,16.618,77.9,6.485,LST_ODISHA_2023_11.tif,2.0,2.0,1.0,3.0,1.0,4.0
Bargarh,Bargarh,21-370,2023_12,258,0.0,118198.889,98547.448,1606571.95,0.0,0.0,10.301,10.054,16.618,77.9,6.485,LST_ODISHA_2023_12.tif,3.0,2.0,1.0,3.0,1.0,3.0
Bargarh,Bargarh,21-370,2024_01,258,0.0,122040.616,98674.107,1621608.038,0.0,0.0,10.301,10.054,16.618,77.9,6.485,LST_ODISHA_2024_01.tif,3.0,2.0,1.0,3.0,1.0,3.0
Bargarh,Bargarh,21-370,2024_02,258,0.0,122040.616,98674.107,1621608.038,0.0,0.08,10.301,10.054,16.618,77.9,6.485,LST_ODISHA_2024_02.tif,2.0,2.0,1.0,3.0,2.0,3.0
Bargarh,Bargarh,21-370,2024_03,258,425114.0,122040.616,98674.107,1621608.038,425114.0,31.939,10.301,10.054,16.618,77.9,6.485,LST_ODISHA_2024_03.tif,2.0,2.0,1.0,3.0,2.0,2.0
Bargarh,Bargarh,21-370,2024_04,258,0.0,122040.616,98674.107,1621608.038,0.0,2.505,10.301,10.054,16.618,77.9,6.485,LST_ODISHA_2024_04.tif,2.0,2.0,1.0,3.0,2.0,1.0
Bargarh,Bargarh,21-370,2024_05,258,0.0,122040.616,98674.107,1621608.038,0.0,28.272,10.301,10.054,16.618,77.9,6.485,LST_ODISHA_2024_05.tif,3.0,2.0,1.0,4.0,3.0,4.0
Bargarh,Bargarh,21-370,2024_06,258,0.0,122040.616,98674.107,1621608.038,0.0,51.836,10.301,10.054,16.618,77.9,6.485,LST_ODISHA_2024_06.tif,4.0,2.0,1.0,4.0,4.0,4.0
Bargarh,Bargarh,21-370,2024_07,258,0.0,122040.616,98674.107,1621608.038,0.0,25.284,10.301,10.054,16.618,77.9,6.485,LST_ODISHA_2024_07.tif,4.0,2.0,1.0,4.0,4.0,3.0
Bargarh,Bargarh,21-370,2024_08,258,0.0,122040.616,98674.107,1621608.038,0.0,2.943,10.301,10.054,16.618,77.9,6.485,LST_ODISHA_2024_08.tif,2.0,2.0,1.0,4.0,2.0,3.0
Bargarh,Bargarh,21-370,2024_09,258,0.0,122040.616,98674.107,1621608.038,0.0,22.411,10.301,10.054,16.618,77.9,6.485,LST_ODISHA_2024_09.tif,4.0,2.0,1.0,4.0,4.0,3.0
Bargarh,Bargarh,21-370,2024_10,258,0.0,122040.616,98674.107,1621608.038,0.0,74.52,10.301,10.054,16.618,77.9,6.485,LST_ODISHA_2024_10.tif,4.0,2.0,1.0,4.0,4.0,4.0
Bargarh,Bargarh,21-370,2024_11,258,0.0,122040.616,98674.107,1621608.038,0.0,1.934,10.301,10.054,16.618,77.9,6.485,LST_ODISHA_2024_11.tif,2.0,2.0,1.0,4.0,2.0,4.0
Bargarh,Bargarh,21-370,2024_12,258,0.0,122040.616,98674.107,1621608.038,0.0,0.0,10.301,10.054,16.618,77.9,6.485,LST_ODISHA_2024_12.tif,3.0,2.0,1.0,4.0,2.0,5.0
Bargarh,Bargarh,21-370,2025_01,258,0.0,125882.343,98800.766,1636644.127,0.0,0.0,10.301,10.054,16.618,77.9,6.485,LST_ODISHA_2025_01.tif,3.0,2.0,1.0,4.0,3.0,5.0
Bargarh,Bargarh,21-370,2025_02,258,0.0,125882.343,98800.766,1636644.127,0.0,0.0,10.301,10.054,16.618,77.9,6.485,LST_ODISHA_2025_02.tif,3.0,2.0,1.0,4.0,2.0,4.0
Bargarh,Bargarh,21-370,2025_03,258,0.0,125882.343,98800.766,1636644.127,0.0,42.828,10.301,10.054,16.618,77.9,6.485,LST_ODISHA_2025_03.tif,3.0,2.0,1.0,4.0,3.0,3.0
Bargarh,Bargarh,21-370,2025_04,258,5102913.0,125882.343,98800.766,1636644.127,5102913.0,0.376,10.301,10.054,16.618,77.9,6.485,LST_ODISHA_2025_04.tif,2.0,2.0,1.0,3.0,2.0,3.0
Bargarh,Bargarh,21-370,2025_05,258,0.0,125882.343,98800.766,1636644.127,5102913.0,13.226,10.301,10.054,16.618,77.9,6.485,LST_ODISHA_2025_05.tif,5.0,2.0,1.0,3.0,4.0,4.0
Bargarh,Bargarh,21-370,2025_06,258,0.0,125882.343,98800.766,1636644.127,5102913.0,2.403,10.301,10.054,16.618,77.9,6.485,LST_ODISHA_2025_06.tif,3.0,2.0,1.0,3.0,3.0,5.0
Bargarh,Bargarh,21-370,2025_07,258,0.0,125882.343,98800.766,1636644.127,5102913.0,19.642,10.301,10.054,16.618,77.9,6.485,LST_ODISHA_2025_07.tif,3.0,2.0,1.0,3.0,3.0,5.0
Bargarh,Bargarh,21-370,2025_08,258,0.0,125882.343,98800.766,1636644.127,5102913.0,23.456,10.301,10.054,16.618,77.9,6.485,LST_ODISHA_2025_08.tif,3.0,2.0,1.0,3.0,3.0,3.0
Bargarh,Bargarh,21-370,2025_09,258,0.0,125882.343,98800.766,1636644.127,5102913.0,18.777,10.301,10.054,16.618,77.9,6.485,LST_ODISHA_2025_09.tif,4.0,2.0,1.0,3.0,3.0,2.0
Bargarh,Bargarh,21-370,2025_10,258,0.0,125882.343,98800.766,1636644.127,5102913.0,41.02,10.301,10.054,16.618,77.9,6.485,LST_ODISHA_2025_10.tif,3.0,2.0,1.0,3.0,3.0,4.0
Bargarh,Bargarh,21-370,2025_11,258,0.0,125882.343,98800.766,1636644.127,5102913.0,0.983,10.301,10.054,16.618,77.9,6.485,LST_ODISHA_2025_11.tif,2.0,2.0,1.0,3.0,2.0,4.0
Bargarh,Bargarh,21-370,2025_12,258,0.0,125882.343,98800.766,1636644.127,5102913.0,0.0,10.301,10.054,16.618,77.9,6.485,LST_ODISHA_2025_12.tif,3.0,2.0,1.0,3.0,3.0,4.0
Bargarh,Bargarh,21-370,2026_01,258,0.0,129724.07,98927.425,1651680.215,5102913.0,0.0,10.301,10.054,16.618,77.9,6.485,LST_ODISHA_2026_01.tif,3.0,2.0,1.0,3.0,3.0,4.0
Bargarh,Bargarh,21-370,2026_02,258,0.0,129724.07,98927.425,1651680.215,5102913.0,0.0,10.301,10.054,16.618,77.9,6.485,LST_ODISHA_2026_02.tif,3.0,2.0,1.0,3.0,3.0,3.0
Bargarh,Bargarh,21-370,2026_03,258,0.0,129724.07,98927.425,1651680.215,5102913.0,28.475,10.301,10.054,16.618,77.9,6.485,LST_ODISHA_2026_03.tif,3.0,2.0,1.0,3.0,3.0,4.0
Bhadrak,Bhadrak,21-378,2021_01,232,0.0,96256.25,95535.8,1634764.348,0.0,0.0,9.136,9.987,14.397,85.1,6.51,LST_ODISHA_2021_01.tif,3.0,5.0,3.0,3.0,3.0,4.0
Bhadrak,Bhadrak,21-378,2021_02,232,0.0,96256.25,95535.8,1634764.348,0.0,0.19,9.136,9.987,14.397,85.1,6.51,LST_ODISHA_2021_02.tif,3.0,5.0,3.0,3.0,3.0,5.0
Bhadrak,Bhadrak,21-378,2021_03,232,0.0,96256.25,95535.8,1634764.348,0.0,34.714,9.136,9.987,14.397,85.1,6.51,LST_ODISHA_2021_03.tif,4.0,5.0,3.0,3.0,4.0,4.0
Bhadrak,Bhadrak,21-378,2021_04,232,18156665.8,96256.25,95535.8,1634764.348,18156665.8,0.0,9.136,9.987,14.397,85.1,6.51,LST_ODISHA_2021_04.tif,3.0,5.0,3.0,3.0,2.0,4.0
Bhadrak,Bhadrak,21-378,2021_05,232,655115.92,96256.25,95535.8,1634764.348,18811781.72,1.524,9.136,9.987,14.397,85.1,6.51,LST_ODISHA_2021_05.tif,2.0,5.0,3.0,3.0,2.0,2.0
Bhadrak,Bhadrak,21-378,2021_06,232,565443.99,96256.25,95535.8,1634764.348,19377225.71,2.006,9.136,9.987,14.397,85.1,6.51,LST_ODISHA_2021_06.tif,3.0,5.0,3.0,3.0,3.0,2.0
Bhadrak,Bhadrak,21-378,2021_07,232,0.0,96256.25,95535.8,1634764.348,19377225.71,18.352,9.136,9.987,14.397,85.1,6.51,LST_ODISHA_2021_07.tif,3.0,5.0,3.0,3.0,3.0,0.0
Bhadrak,Bhadrak,21-378,2021_08,232,0.0,96256.25,95535.8,1634764.348,19377225.71,22.485,9.136,9.987,14.397,85.1,6.51,LST_ODISHA_2021_08.tif,3.0,5.0,3.0,3.0,3.0,0.0
Bhadrak,Bhadrak,21-378,2021_09,232,0.0,96256.25,95535.8,1634764.348,19377225.71,1.104,9.136,9.987,14.397,85.1,6.51,LST_ODISHA_2021_09.tif,2.0,5.0,3.0,3.0,3.0,3.0
Bhadrak,Bhadrak,21-378,2021_10,232,17705220.0,96256.25,95535.8,1634764.348,37082445.71,49.824,9.136,9.987,14.397,85.1,6.51,LST_ODISHA_2021_10.tif,2.0,5.0,3.0,3.0,3.0,3.0
Bhadrak,Bhadrak,21-378,2021_11,232,0.0,96256.25,95535.8,1634764.348,37082445.71,1.292,9.136,9.987,14.397,85.1,6.51,LST_ODISHA_2021_11.tif,3.0,5.0,3.0,3.0,3.0,3.0
Bhadrak,Bhadrak,21-378,2021_12,232,0.0,96256.25,95535.8,1634764.348,37082445.71,0.0,9.136,9.987,14.397,85.1,6.51,LST_ODISHA_2021_12.tif,3.0,5.0,3.0,3.0,2.0,3.0
Bhadrak,Bhadrak,21-378,2022_01,232,0.0,99663.427,95852.789,1654537.429,37082445.71,0.0,9.136,9.987,14.397,85.1,6.51,LST_ODISHA_2022_01.tif,3.0,5.0,3.0,3.0,4.0,3.0
Bhadrak,Bhadrak,21-378,2022_02,232,0.0,99663.427,95852.789,1654537.429,37082445.71,0.0,9.136,9.987,14.397,85.1,6.51,LST_ODISHA_2022_02.tif,3.0,5.0,3.0,3.0,4.0,3.0
Bhadrak,Bhadrak,21-378,2022_03,232,0.0,99663.427,95852.789,1654537.429,37082445.71,37.702,9.136,9.987,14.397,85.1,6.51,LST_ODISHA_2022_03.tif,3.0,5.0,3.0,3.0,3.0,2.0
Bhadrak,Bhadrak,21-378,2022_04,232,0.0,99663.427,95852.789,1654537.429,0.0,3.67,9.136,9.987,14.397,85.1,6.51,LST_ODISHA_2022_04.tif,4.0,5.0,3.0,3.0,4.0,2.0
Bhadrak,Bhadrak,21-378,2022_05,232,0.0,99663.427,95852.789,1654537.429,0.0,5.188,9.136,9.987,14.397,85.1,6.51,LST_ODISHA_2022_05.tif,2.0,5.0,3.0,3.0,3.0,3.0
Bhadrak,Bhadrak,21-378,2022_06,232,0.0,99663.427,95852.789,1654537.429,0.0,12.113,9.136,9.987,14.397,85.1,6.51,LST_ODISHA_2022_06.tif,2.0,5.0,3.0,3.0,3.0,2.0
Bhadrak,Bhadrak,21-378,2022_07,232,0.0,99663.427,95852.789,1654537.429,0.0,9.645,9.136,9.987,14.397,85.1,6.51,LST_ODISHA_2022_07.tif,2.0,5.0,3.0,3.0,3.0,0.0
Bhadrak,Bhadrak,21-378,2022_08,232,0.0,99663.427,95852.789,1654537.429,0.0,21.645,9.136,9.987,14.397,85.1,6.51,LST_ODISHA_2022_08.tif,4.0,5.0,3.0,3.0,4.0,0.0
Bhadrak,Bhadrak,21-378,2022_09,232,0.0,99663.427,95852.789,1654537.429,0.0,9.476,9.136,9.987,14.397,85.1,6.51,LST_ODISHA_2022_09.tif,3.0,5.0,3.0,3.0,3.0,1.0
Bhadrak,Bhadrak,21-378,2022_10,232,0.0,99663.427,95852.789,1654537.429,0.0,33.878,9.136,9.987,14.397,85.1,6.51,LST_ODISHA_2022_10.tif,4.0,5.0,3.0,3.0,4.0,3.0
Bhadrak,Bhadrak,21-378,2022_11,232,0.0,99663.427,95852.789,1654537.429,0.0,0.0,9.136,9.987,14.397,85.1,6.51,LST_ODISHA_2022_11.tif,3.0,5.0,3.0,3.0,2.0,4.0
Bhadrak,Bhadrak,21-378,2022_12,232,0.0,99663.427,95852.789,1654537.429,0.0,0.0,9.136,9.987,14.397,85.1,6.51,LST_ODISHA_2022_12.tif,3.0,5.0,3.0,3.0,2.0,5.0
Bhadrak,Bhadrak,21-378,2023_01,232,0.0,103070.604,96169.778,1674310.51,0.0,0.0,9.136,9.987,14.397,85.1,6.51,LST_ODISHA_2023_01.tif,3.0,5.0,3.0,3.0,4.0,5.0
Bhadrak,Bhadrak,21-378,2023_02,232,0.0,103070.604,96169.778,1674310.51,0.0,0.0,9.136,9.987,14.397,85.1,6.51,LST_ODISHA_2023_02.tif,3.0,5.0,3.0,3.0,2.0,5.0
Bhadrak,Bhadrak,21-378,2023_03,232,651713.0,103070.604,96169.778,1674310.51,651713.0,14.515,9.136,9.987,14.397,85.1,6.51,LST_ODISHA_2023_03.tif,4.0,5.0,3.0,3.0,5.0,2.0
Bhadrak,Bhadrak,21-378,2023_04,232,0.0,103070.604,96169.778,1674310.51,0.0,0.238,9.136,9.987,14.397,85.1,6.51,LST_ODISHA_2023_04.tif,3.0,5.0,3.0,3.0,2.0,2.0
Bhadrak,Bhadrak,21-378,2023_05,232,0.0,103070.604,96169.778,1674310.51,0.0,11.629,9.136,9.987,14.397,85.1,6.51,LST_ODISHA_2023_05.tif,4.0,5.0,3.0,3.0,4.0,2.0
Bhadrak,Bhadrak,21-378,2023_06,232,0.0,103070.604,96169.778,1674310.51,0.0,23.493,9.136,9.987,14.397,85.1,6.51,LST_ODISHA_2023_06.tif,3.0,5.0,3.0,3.0,3.0,2.0
Bhadrak,Bhadrak,21-378,2023_07,232,0.0,103070.604,96169.778,1674310.51,0.0,34.959,9.136,9.987,14.397,85.1,6.51,LST_ODISHA_2023_07.tif,3.0,5.0,3.0,3.0,3.0,0.0
Bhadrak,Bhadrak,21-378,2023_08,232,0.0,103070.604,96169.778,1674310.51,0.0,19.543,9.136,9.987,14.397,85.1,6.51,LST_ODISHA_2023_08.tif,3.0,5.0,3.0,3.0,3.0,5.0
Bhadrak,Bhadrak,21-378,2023_09,232,0.0,103070.604,96169.778,1674310.51,0.0,24.719,9.136,9.987,14.397,85.1,6.51,LST_ODISHA_2023_09.tif,2.0,5.0,3.0,3.0,2.0,3.0
Bhadrak,Bhadrak,21-378,2023_10,232,0.0,103070.604,96169.778,1674310.51,0.0,42.224,9.136,9.987,14.397,85.1,6.51,LST_ODISHA_2023_10.tif,3.0,5.0,3.0,3.0,3.0,3.0
Bhadrak,Bhadrak,21-378,2023_11,232,0.0,103070.604,96169.778,1674310.51,0.0,4.27,9.136,9.987,14.397,85.1,6.51,LST_ODISHA_2023_11.tif,3.0,5.0,3.0,3.0,3.0,3.0
Bhadrak,Bhadrak,21-378,2023_12,232,0.0,103070.604,96169.778,1674310.51,0.0,0.0,9.136,9.987,14.397,85.1,6.51,LST_ODISHA_2023_12.tif,3.0,5.0,3.0,3.0,2.0,5.0
Bhadrak,Bhadrak,21-378,2024_01,232,0.0,106477.781,96486.767,1694083.591,0.0,0.0,9.136,9.987,14.397,85.1,6.51,LST_ODISHA_2024_01.tif,3.0,5.0,3.0,3.0,3.0,4.0
Bhadrak,Bhadrak,21-378,2024_02,232,0.0,106477.781,96486.767,1694083.591,0.0,0.771,9.136,9.987,14.397,85.1,6.51,LST_ODISHA_2024_02.tif,4.0,5.0,3.0,3.0,4.0,5.0
Bhadrak,Bhadrak,21-378,2024_03,232,0.0,106477.781,96486.767,1694083.591,0.0,42.372,9.136,9.987,14.397,85.1,6.51,LST_ODISHA_2024_03.tif,4.0,5.0,3.0,3.0,4.0,3.0
Bhadrak,Bhadrak,21-378,2024_04,232,0.0,106477.781,96486.767,1694083.591,0.0,6.663,9.136,9.987,14.397,85.1,6.51,LST_ODISHA_2024_04.tif,3.0,5.0,3.0,3.0,3.0,3.0
Bhadrak,Bhadrak,21-378,2024_05,232,0.0,106477.781,96486.767,1694083.591,0.0,22.864,9.136,9.987,14.397,85.1,6.51,LST_ODISHA_2024_05.tif,2.0,5.0,3.0,4.0,3.0,3.0
Bhadrak,Bhadrak,21-378,2024_06,232,0.0,106477.781,96486.767,1694083.591,0.0,40.166,9.136,9.987,14.397,85.1,6.51,LST_ODISHA_2024_06.tif,3.0,5.0,3.0,4.0,3.0,2.0
Bhadrak,Bhadrak,21-378,2024_07,232,0.0,106477.781,96486.767,1694083.591,0.0,21.069,9.136,9.987,14.397,85.1,6.51,LST_ODISHA_2024_07.tif,3.0,5.0,3.0,4.0,4.0,0.0
Bhadrak,Bhadrak,21-378,2024_08,232,0.0,106477.781,96486.767,1694083.591,0.0,6.82,9.136,9.987,14.397,85.1,6.51,LST_ODISHA_2024_08.tif,3.0,5.0,3.0,4.0,3.0,5.0
Bhadrak,Bhadrak,21-378,2024_09,232,0.0,106477.781,96486.767,1694083.591,0.0,18.507,9.136,9.987,14.397,85.1,6.51,LST_ODISHA_2024_09.tif,3.0,5.0,3.0,4.0,3.0,3.0
Bhadrak,Bhadrak,21-378,2024_10,232,0.0,106477.781,96486.767,1694083.591,0.0,73.036,9.136,9.987,14.397,85.1,6.51,LST_ODISHA_2024_10.tif,3.0,5.0,3.0,4.0,3.0,4.0
Bhadrak,Bhadrak,21-378,2024_11,232,0.0,106477.781,96486.767,1694083.591,0.0,2.174,9.136,9.987,14.397,85.1,6.51,LST_ODISHA_2024_11.tif,3.0,5.0,3.0,4.0,3.0,4.0
Bhadrak,Bhadrak,21-378,2024_12,232,0.0,106477.781,96486.767,1694083.591,0.0,0.0,9.136,9.987,14.397,85.1,6.51,LST_ODISHA_2024_12.tif,3.0,5.0,3.0,4.0,2.0,3.0
Bhadrak,Bhadrak,21-378,2025_01,232,0.0,109884.958,96803.756,1713856.673,0.0,0.0,9.136,9.987,14.397,85.1,6.51,LST_ODISHA_2025_01.tif,3.0,5.0,3.0,4.0,4.0,5.0
Bhadrak,Bhadrak,21-378,2025_02,232,0.0,109884.958,96803.756,1713856.673,0.0,0.0,9.136,9.987,14.397,85.1,6.51,LST_ODISHA_2025_02.tif,3.0,5.0,3.0,4.0,2.0,4.0
Bhadrak,Bhadrak,21-378,2025_03,232,0.0,109884.958,96803.756,1713856.673,0.0,37.995,9.136,9.987,14.397,85.1,6.51,LST_ODISHA_2025_03.tif,2.0,5.0,3.0,4.0,3.0,3.0
Bhadrak,Bhadrak,21-378,2025_04,232,0.0,109884.958,96803.756,1713856.673,0.0,8.183,9.136,9.987,14.397,85.1,6.51,LST_ODISHA_2025_04.tif,4.0,5.0,3.0,3.0,4.0,2.0
Bhadrak,Bhadrak,21-378,2025_05,232,0.0,109884.958,96803.756,1713856.673,0.0,1.69,9.136,9.987,14.397,85.1,6.51,LST_ODISHA_2025_05.tif,2.0,5.0,3.0,3.0,2.0,2.0
Bhadrak,Bhadrak,21-378,2025_06,232,0.0,109884.958,96803.756,1713856.673,0.0,2.092,9.136,9.987,14.397,85.1,6.51,LST_ODISHA_2025_06.tif,3.0,5.0,3.0,3.0,3.0,3.0
Bhadrak,Bhadrak,21-378,2025_07,232,0.0,109884.958,96803.756,1713856.673,0.0,12.789,9.136,9.987,14.397,85.1,6.51,LST_ODISHA_2025_07.tif,1.0,5.0,3.0,3.0,2.0,5.0
Bhadrak,Bhadrak,21-378,2025_08,232,0.0,109884.958,96803.756,1713856.673,0.0,24.127,9.136,9.987,14.397,85.1,6.51,LST_ODISHA_2025_08.tif,3.0,5.0,3.0,3.0,3.0,5.0
Bhadrak,Bhadrak,21-378,2025_09,232,0.0,109884.958,96803.756,1713856.673,0.0,8.492,9.136,9.987,14.397,85.1,6.51,LST_ODISHA_2025_09.tif,2.0,5.0,3.0,4.0,2.0,5.0
Bhadrak,Bhadrak,21-378,2025_10,232,1122287.0,109884.958,96803.756,1713856.673,1122287.0,39.315,9.136,9.987,14.397,85.1,6.51,LST_ODISHA_2025_10.tif,2.0,5.0,3.0,3.0,3.0,4.0
Bhadrak,Bhadrak,21-378,2025_11,232,0.0,109884.958,96803.756,1713856.673,1122287.0,3.667,9.136,9.987,14.397,85.1,6.51,LST_ODISHA_2025_11.tif,4.0,5.0,3.0,3.0,4.0,4.0
Bhadrak,Bhadrak,21-378,2025_12,232,0.0,109884.958,96803.756,1713856.673,1122287.0,0.0,9.136,9.987,14.397,85.1,6.51,LST_ODISHA_2025_12.tif,3.0,5.0,3.0,3.0,4.0,3.0
Bhadrak,Bhadrak,21-378,2026_01,232,0.0,113292.135,97120.745,1733629.754,1122287.0,0.0,9.136,9.987,14.397,85.1,6.51,LST_ODISHA_2026_01.tif,3.0,5.0,3.0,3.0,4.0,3.0
Bhadrak,Bhadrak,21-378,2026_02,232,0.0,113292.135,97120.745,1733629.754,1122287.0,0.0,9.136,9.987,14.397,85.1,6.51,LST_ODISHA_2026_02.tif,3.0,5.0,3.0,3.0,4.0,5.0
Bhadrak,Bhadrak,21-378,2026_03,232,0.0,113292.135,97120.745,1733629.754,1122287.0,34.647,9.136,9.987,14.397,85.1,6.51,LST_ODISHA_2026_03.tif,4.0,5.0,3.0,3.0,4.0,3.0
Boudh,Boudh,21-391,2021_01,83,0.0,41741.13,54947.655,528623.742,0.0,0.0,10.891,8.386,8.79,82.2,5.752,LST_ODISHA_2021_01.tif,3.0,4.0,1.0,3.0,2.0,3.0
Boudh,Boudh,21-391,2021_02,83,0.0,41741.13,54947.655,528623.742,0.0,0.0,10.891,8.386,8.79,82.2,5.752,LST_ODISHA_2021_02.tif,2.0,4.0,1.0,3.0,1.0,3.0
Boudh,Boudh,21-391,2021_03,83,0.0,41741.13,54947.655,528623.742,0.0,23.823,10.891,8.386,8.79,82.2,5.752,LST_ODISHA_2021_03.tif,2.0,4.0,1.0,3.0,2.0,4.0
Boudh,Boudh,21-391,2021_04,83,0.0,41741.13,54947.655,528623.742,0.0,0.0,10.891,8.386,8.79,82.2,5.752,LST_ODISHA_2021_04.tif,3.0,4.0,1.0,3.0,2.0,4.0
Boudh,Boudh,21-391,2021_05,83,0.0,41741.13,54947.655,528623.742,0.0,1.646,10.891,8.386,8.79,82.2,5.752,LST_ODISHA_2021_05.tif,3.0,4.0,1.0,4.0,3.0,3.0
Boudh,Boudh,21-391,2021_06,83,0.0,41741.13,54947.655,528623.742,0.0,2.556,10.891,8.386,8.79,82.2,5.752,LST_ODISHA_2021_06.tif,4.0,4.0,1.0,4.0,3.0,4.0
Boudh,Boudh,21-391,2021_07,83,0.0,41741.13,54947.655,528623.742,0.0,14.604,10.891,8.386,8.79,82.2,5.752,LST_ODISHA_2021_07.tif,2.0,4.0,1.0,4.0,2.0,4.0
Boudh,Boudh,21-391,2021_08,83,0.0,41741.13,54947.655,528623.742,0.0,22.627,10.891,8.386,8.79,82.2,5.752,LST_ODISHA_2021_08.tif,3.0,4.0,1.0,3.0,3.0,2.0
Boudh,Boudh,21-391,2021_09,83,0.0,41741.13,54947.655,528623.742,0.0,6.206,10.891,8.386,8.79,82.2,5.752,LST_ODISHA_2021_09.tif,5.0,4.0,1.0,3.0,4.0,4.0
Boudh,Boudh,21-391,2021_10,83,0.0,41741.13,54947.655,528623.742,0.0,55.667,10.891,8.386,8.79,82.2,5.752,LST_ODISHA_2021_10.tif,4.0,4.0,1.0,3.0,4.0,4.0
Boudh,Boudh,21-391,2021_11,83,19464614.0,41741.13,54947.655,528623.742,19464614.0,2.175,10.891,8.386,8.79,82.2,5.752,LST_ODISHA_2021_11.tif,3.0,4.0,1.0,3.0,3.0,3.0
Boudh,Boudh,21-391,2021_12,83,0.0,41741.13,54947.655,528623.742,19464614.0,0.0,10.891,8.386,8.79,82.2,5.752,LST_ODISHA_2021_12.tif,3.0,4.0,1.0,3.0,2.0,3.0
Boudh,Boudh,21-391,2022_01,83,0.0,43457.336,55403.42,536720.909,19464614.0,0.0,10.891,8.386,8.79,82.2,5.752,LST_ODISHA_2022_01.tif,3.0,4.0,1.0,3.0,3.0,3.0
Boudh,Boudh,21-391,2022_02,83,0.0,43457.336,55403.42,536720.909,19464614.0,0.0,10.891,8.386,8.79,82.2,5.752,LST_ODISHA_2022_02.tif,3.0,4.0,1.0,3.0,3.0,3.0
Boudh,Boudh,21-391,2022_03,83,0.0,43457.336,55403.42,536720.909,19464614.0,34.628,10.891,8.386,8.79,82.2,5.752,LST_ODISHA_2022_03.tif,2.0,4.0,1.0,3.0,2.0,4.0
Boudh,Boudh,21-391,2022_04,83,0.0,43457.336,55403.42,536720.909,0.0,0.139,10.891,8.386,8.79,82.2,5.752,LST_ODISHA_2022_04.tif,2.0,4.0,1.0,3.0,2.0,4.0
Boudh,Boudh,21-391,2022_05,83,0.0,43457.336,55403.42,536720.909,0.0,14.747,10.891,8.386,8.79,82.2,5.752,LST_ODISHA_2022_05.tif,4.0,4.0,1.0,3.0,4.0,4.0
Boudh,Boudh,21-391,2022_06,83,0.0,43457.336,55403.42,536720.909,0.0,17.737,10.891,8.386,8.79,82.2,5.752,LST_ODISHA_2022_06.tif,3.0,4.0,1.0,3.0,3.0,3.0
Boudh,Boudh,21-391,2022_07,83,0.0,43457.336,55403.42,536720.909,0.0,13.413,10.891,8.386,8.79,82.2,5.752,LST_ODISHA_2022_07.tif,4.0,4.0,1.0,3.0,4.0,3.0
Boudh,Boudh,21-391,2022_08,83,0.0,43457.336,55403.42,536720.909,0.0,21.423,10.891,8.386,8.79,82.2,5.752,LST_ODISHA_2022_08.tif,3.0,4.0,1.0,3.0,3.0,5.0
Boudh,Boudh,21-391,2022_09,83,0.0,43457.336,55403.42,536720.909,0.0,8.926,10.891,8.386,8.79,82.2,5.752,LST_ODISHA_2022_09.tif,3.0,4.0,1.0,3.0,3.0,5.0
Boudh,Boudh,21-391,2022_10,83,0.0,43457.336,55403.42,536720.909,0.0,34.12,10.891,8.386,8.79,82.2,5.752,LST_ODISHA_2022_10.tif,4.0,4.0,1.0,3.0,4.0,3.0
Boudh,Boudh,21-391,2022_11,83,0.0,43457.336,55403.42,536720.909,0.0,0.0,10.891,8.386,8.79,82.2,5.752,LST_ODISHA_2022_11.tif,3.0,4.0,1.0,3.0,2.0,2.0
Boudh,Boudh,21-391,2022_12,83,0.0,43457.336,55403.42,536720.909,0.0,0.0,10.891,8.386,8.79,82.2,5.752,LST_ODISHA_2022_12.tif,3.0,4.0,1.0,3.0,2.0,3.0
Boudh,Boudh,21-391,2023_01,83,0.0,45173.542,55859.185,544818.077,0.0,0.0,10.891,8.386,8.79,82.2,5.752,LST_ODISHA_2023_01.tif,3.0,4.0,1.0,3.0,3.0,2.0
Boudh,Boudh,21-391,2023_02,83,1571129.0,45173.542,55859.185,544818.077,1571129.0,0.0,10.891,8.386,8.79,82.2,5.752,LST_ODISHA_2023_02.tif,3.0,4.0,1.0,3.0,2.0,3.0
Boudh,Boudh,21-391,2023_03,83,0.0,45173.542,55859.185,544818.077,1571129.0,10.389,10.891,8.386,8.79,82.2,5.752,LST_ODISHA_2023_03.tif,3.0,4.0,1.0,3.0,3.0,4.0
Boudh,Boudh,21-391,2023_04,83,0.0,45173.542,55859.185,544818.077,0.0,0.0,10.891,8.386,8.79,82.2,5.752,LST_ODISHA_2023_04.tif,3.0,4.0,1.0,3.0,1.0,4.0
Boudh,Boudh,21-391,2023_05,83,0.0,45173.542,55859.185,544818.077,0.0,3.697,10.891,8.386,8.79,82.2,5.752,LST_ODISHA_2023_05.tif,2.0,4.0,1.0,3.0,1.0,5.0
Boudh,Boudh,21-391,2023_06,83,0.0,45173.542,55859.185,544818.077,0.0,23.074,10.891,8.386,8.79,82.2,5.752,LST_ODISHA_2023_06.tif,3.0,4.0,1.0,3.0,2.0,5.0
Boudh,Boudh,21-391,2023_07,83,0.0,45173.542,55859.185,544818.077,0.0,33.311,10.891,8.386,8.79,82.2,5.752,LST_ODISHA_2023_07.tif,3.0,4.0,1.0,3.0,3.0,4.0
Boudh,Boudh,21-391,2023_08,83,0.0,45173.542,55859.185,544818.077,0.0,17.701,10.891,8.386,8.79,82.2,5.752,LST_ODISHA_2023_08.tif,3.0,4.0,1.0,3.0,3.0,3.0
Boudh,Boudh,21-391,2023_09,83,0.0,45173.542,55859.185,544818.077,0.0,33.033,10.891,8.386,8.79,82.2,5.752,LST_ODISHA_2023_09.tif,4.0,4.0,1.0,3.0,3.0,2.0
Boudh,Boudh,21-391,2023_10,83,0.0,45173.542,55859.185,544818.077,0.0,41.092,10.891,8.386,8.79,82.2,5.752,LST_ODISHA_2023_10.tif,3.0,4.0,1.0,3.0,3.0,3.0
Boudh,Boudh,21-391,2023_11,83,0.0,45173.542,55859.185,544818.077,0.0,5.674,10.891,8.386,8.79,82.2,5.752,LST_ODISHA_2023_11.tif,3.0,4.0,1.0,3.0,2.0,3.0
Boudh,Boudh,21-391,2023_12,83,0.0,45173.542,55859.185,544818.077,0.0,0.0,10.891,8.386,8.79,82.2,5.752,LST_ODISHA_2023_12.tif,3.0,4.0,1.0,3.0,1.0,3.0
Boudh,Boudh,21-391,2024_01,83,0.0,46889.748,56314.95,552915.244,0.0,0.0,10.891,8.386,8.79,82.2,5.752,LST_ODISHA_2024_01.tif,3.0,4.0,1.0,3.0,2.0,3.0
Boudh,Boudh,21-391,2024_02,83,0.0,46889.748,56314.95,552915.244,0.0,0.345,10.891,8.386,8.79,82.2,5.752,LST_ODISHA_2024_02.tif,3.0,4.0,1.0,3.0,3.0,4.0
Boudh,Boudh,21-391,2024_03,83,0.0,46889.748,56314.95,552915.244,0.0,35.61,10.891,8.386,8.79,82.2,5.752,LST_ODISHA_2024_03.tif,3.0,4.0,1.0,3.0,3.0,4.0
Boudh,Boudh,21-391,2024_04,83,0.0,46889.748,56314.95,552915.244,0.0,4.556,10.891,8.386,8.79,82.2,5.752,LST_ODISHA_2024_04.tif,3.0,4.0,1.0,3.0,3.0,3.0
Boudh,Boudh,21-391,2024_05,83,0.0,46889.748,56314.95,552915.244,0.0,30.18,10.891,8.386,8.79,82.2,5.752,LST_ODISHA_2024_05.tif,3.0,4.0,1.0,4.0,3.0,4.0
Boudh,Boudh,21-391,2024_06,83,8313451.0,46889.748,56314.95,552915.244,8313451.0,49.919,10.891,8.386,8.79,82.2,5.752,LST_ODISHA_2024_06.tif,4.0,4.0,1.0,3.0,3.0,4.0
Boudh,Boudh,21-391,2024_07,83,0.0,46889.748,56314.95,552915.244,8313451.0,19.123,10.891,8.386,8.79,82.2,5.752,LST_ODISHA_2024_07.tif,3.0,4.0,1.0,3.0,3.0,0.0
Boudh,Boudh,21-391,2024_08,83,0.0,46889.748,56314.95,552915.244,8313451.0,2.983,10.891,8.386,8.79,82.2,5.752,LST_ODISHA_2024_08.tif,2.0,4.0,1.0,4.0,2.0,1.0
Boudh,Boudh,21-391,2024_09,83,0.0,46889.748,56314.95,552915.244,8313451.0,21.106,10.891,8.386,8.79,82.2,5.752,LST_ODISHA_2024_09.tif,4.0,4.0,1.0,4.0,4.0,5.0
Boudh,Boudh,21-391,2024_10,83,0.0,46889.748,56314.95,552915.244,8313451.0,75.636,10.891,8.386,8.79,82.2,5.752,LST_ODISHA_2024_10.tif,4.0,4.0,1.0,4.0,4.0,5.0
Boudh,Boudh,21-391,2024_11,83,0.0,46889.748,56314.95,552915.244,8313451.0,1.61,10.891,8.386,8.79,82.2,5.752,LST_ODISHA_2024_11.tif,2.0,4.0,1.0,4.0,2.0,3.0
Boudh,Boudh,21-391,2024_12,83,0.0,46889.748,56314.95,552915.244,8313451.0,0.0,10.891,8.386,8.79,82.2,5.752,LST_ODISHA_2024_12.tif,3.0,4.0,1.0,4.0,2.0,4.0
Boudh,Boudh,21-391,2025_01,83,0.0,48605.954,56770.715,561012.411,8313451.0,0.0,10.891,8.386,8.79,82.2,5.752,LST_ODISHA_2025_01.tif,3.0,4.0,1.0,4.0,3.0,3.0
Boudh,Boudh,21-391,2025_02,83,0.0,48605.954,56770.715,561012.411,8313451.0,0.0,10.891,8.386,8.79,82.2,5.752,LST_ODISHA_2025_02.tif,3.0,4.0,1.0,4.0,2.0,4.0
Boudh,Boudh,21-391,2025_03,83,0.0,48605.954,56770.715,561012.411,8313451.0,42.054,10.891,8.386,8.79,82.2,5.752,LST_ODISHA_2025_03.tif,3.0,4.0,1.0,4.0,3.0,4.0
Boudh,Boudh,21-391,2025_04,83,0.0,48605.954,56770.715,561012.411,0.0,0.909,10.891,8.386,8.79,82.2,5.752,LST_ODISHA_2025_04.tif,2.0,4.0,1.0,3.0,2.0,4.0
Boudh,Boudh,21-391,2025_05,83,0.0,48605.954,56770.715,561012.411,0.0,14.402,10.891,8.386,8.79,82.2,5.752,LST_ODISHA_2025_05.tif,5.0,4.0,1.0,3.0,4.0,4.0
Boudh,Boudh,21-391,2025_06,83,0.0,48605.954,56770.715,561012.411,0.0,0.76,10.891,8.386,8.79,82.2,5.752,LST_ODISHA_2025_06.tif,2.0,4.0,1.0,3.0,2.0,4.0
Boudh,Boudh,21-391,2025_07,83,4183839.76,48605.954,56770.715,561012.411,4183839.76,23.431,10.891,8.386,8.79,82.2,5.752,LST_ODISHA_2025_07.tif,4.0,4.0,1.0,3.0,4.0,5.0
Boudh,Boudh,21-391,2025_08,83,0.0,48605.954,56770.715,561012.411,4183839.76,24.347,10.891,8.386,8.79,82.2,5.752,LST_ODISHA_2025_08.tif,3.0,4.0,1.0,3.0,3.0,2.0
Boudh,Boudh,21-391,2025_09,83,0.0,48605.954,56770.715,561012.411,4183839.76,18.166,10.891,8.386,8.79,82.2,5.752,LST_ODISHA_2025_09.tif,4.0,4.0,1.0,3.0,3.0,3.0
Boudh,Boudh,21-391,2025_10,83,0.0,48605.954,56770.715,561012.411,4183839.76,39.875,10.891,8.386,8.79,82.2,5.752,LST_ODISHA_2025_10.tif,2.0,4.0,1.0,3.0,2.0,5.0
Boudh,Boudh,21-391,2025_11,83,0.0,48605.954,56770.715,561012.411,4183839.76,0.412,10.891,8.386,8.79,82.2,5.752,LST_ODISHA_2025_11.tif,1.0,4.0,1.0,3.0,2.0,4.0
Boudh,Boudh,21-391,2025_12,83,0.0,48605.954,56770.715,561012.411,4183839.76,0.0,10.891,8.386,8.79,82.2,5.752,LST_ODISHA_2025_12.tif,3.0,4.0,1.0,3.0,3.0,3.0
Boudh,Boudh,21-391,2026_01,83,0.0,50322.16,57226.48,569109.578,4183839.76,0.0,10.891,8.386,8.79,82.2,5.752,LST_ODISHA_2026_01.tif,3.0,4.0,1.0,3.0,3.0,4.0
Boudh,Boudh,21-391,2026_02,83,0.0,50322.16,57226.48,569109.578,4183839.76,0.0,10.891,8.386,8.79,82.2,5.752,LST_ODISHA_2026_02.tif,3.0,4.0,1.0,3.0,3.0,4.0
Boudh,Boudh,21-391,2026_03,83,0.0,50322.16,57226.48,569109.578,4183839.76,26.792,10.891,8.386,8.79,82.2,5.752,LST_ODISHA_2026_03.tif,3.0,4.0,1.0,3.0,3.0,5.0
Cuttack,Cuttack,21-381,2021_01,393,0.0,180031.11,139230.38,2919272.791,0.0,0.0,11.088,12.748,12.604,74.0,7.865,LST_ODISHA_2021_01.tif,3.0,4.0,1.0,3.0,2.0,4.0
Cuttack,Cuttack,21-381,2021_02,393,0.0,180031.11,139230.38,2919272.791,0.0,0.0,11.088,12.748,12.604,74.0,7.865,LST_ODISHA_2021_02.tif,2.0,4.0,1.0,3.0,1.0,5.0
Cuttack,Cuttack,21-381,2021_03,393,0.0,180031.11,139230.38,2919272.791,0.0,32.397,11.088,12.748,12.604,74.0,7.865,LST_ODISHA_2021_03.tif,3.0,4.0,1.0,3.0,3.0,4.0
Cuttack,Cuttack,21-381,2021_04,393,0.0,180031.11,139230.38,2919272.791,0.0,0.0,11.088,12.748,12.604,74.0,7.865,LST_ODISHA_2021_04.tif,3.0,4.0,1.0,3.0,2.0,3.0
Cuttack,Cuttack,21-381,2021_05,393,4198929.0,180031.11,139230.38,2919272.791,4198929.0,2.36,11.088,12.748,12.604,74.0,7.865,LST_ODISHA_2021_05.tif,3.0,4.0,1.0,3.0,2.0,3.0
Cuttack,Cuttack,21-381,2021_06,393,8080580.0,180031.11,139230.38,2919272.791,12279509.0,0.804,11.088,12.748,12.604,74.0,7.865,LST_ODISHA_2021_06.tif,2.0,4.0,1.0,3.0,2.0,3.0
Cuttack,Cuttack,21-381,2021_07,393,0.0,180031.11,139230.38,2919272.791,12279509.0,19.607,11.088,12.748,12.604,74.0,7.865,LST_ODISHA_2021_07.tif,4.0,4.0,1.0,3.0,3.0,1.0
Cuttack,Cuttack,21-381,2021_08,393,0.0,180031.11,139230.38,2919272.791,12279509.0,25.423,11.088,12.748,12.604,74.0,7.865,LST_ODISHA_2021_08.tif,4.0,4.0,1.0,3.0,4.0,2.0
Cuttack,Cuttack,21-381,2021_09,393,0.0,180031.11,139230.38,2919272.791,12279509.0,2.054,11.088,12.748,12.604,74.0,7.865,LST_ODISHA_2021_09.tif,2.0,4.0,1.0,3.0,2.0,3.0
Cuttack,Cuttack,21-381,2021_10,393,0.0,180031.11,139230.38,2919272.791,12279509.0,53.057,11.088,12.748,12.604,74.0,7.865,LST_ODISHA_2021_10.tif,3.0,4.0,1.0,3.0,3.0,4.0
Cuttack,Cuttack,21-381,2021_11,393,0.0,180031.11,139230.38,2919272.791,12279509.0,1.826,11.088,12.748,12.604,74.0,7.865,LST_ODISHA_2021_11.tif,3.0,4.0,1.0,3.0,3.0,4.0
Cuttack,Cuttack,21-381,2021_12,393,0.0,180031.11,139230.38,2919272.791,12279509.0,0.0,11.088,12.748,12.604,74.0,7.865,LST_ODISHA_2021_12.tif,3.0,4.0,1.0,3.0,2.0,3.0
Cuttack,Cuttack,21-381,2022_01,393,549500.0,186310.17,139620.697,2952680.52,12829009.0,0.0,11.088,12.748,12.604,74.0,7.865,LST_ODISHA_2022_01.tif,3.0,4.0,1.0,3.0,3.0,4.0
Cuttack,Cuttack,21-381,2022_02,393,0.0,186310.17,139620.697,2952680.52,12829009.0,0.0,11.088,12.748,12.604,74.0,7.865,LST_ODISHA_2022_02.tif,3.0,4.0,1.0,3.0,3.0,4.0
Cuttack,Cuttack,21-381,2022_03,393,3187833.0,186310.17,139620.697,2952680.52,16016842.0,37.497,11.088,12.748,12.604,74.0,7.865,LST_ODISHA_2022_03.tif,3.0,4.0,1.0,3.0,3.0,3.0
Cuttack,Cuttack,21-381,2022_04,393,0.0,186310.17,139620.697,2952680.52,0.0,5.694,11.088,12.748,12.604,74.0,7.865,LST_ODISHA_2022_04.tif,5.0,4.0,1.0,3.0,4.0,2.0
Cuttack,Cuttack,21-381,2022_05,393,0.0,186310.17,139620.697,2952680.52,0.0,4.618,11.088,12.748,12.604,74.0,7.865,LST_ODISHA_2022_05.tif,2.0,4.0,1.0,3.0,2.0,3.0
Cuttack,Cuttack,21-381,2022_06,393,0.0,186310.17,139620.697,2952680.52,0.0,14.135,11.088,12.748,12.604,74.0,7.865,LST_ODISHA_2022_06.tif,2.0,4.0,1.0,3.0,2.0,2.0
Cuttack,Cuttack,21-381,2022_07,393,0.0,186310.17,139620.697,2952680.52,0.0,9.785,11.088,12.748,12.604,74.0,7.865,LST_ODISHA_2022_07.tif,2.0,4.0,1.0,3.0,2.0,3.0
Cuttack,Cuttack,21-381,2022_08,393,0.0,186310.17,139620.697,2952680.52,0.0,19.152,11.088,12.748,12.604,74.0,7.865,LST_ODISHA_2022_08.tif,3.0,4.0,1.0,3.0,3.0,4.0
Cuttack,Cuttack,21-381,2022_09,393,0.0,186310.17,139620.697,2952680.52,0.0,9.703,11.088,12.748,12.604,74.0,7.865,LST_ODISHA_2022_09.tif,3.0,4.0,1.0,3.0,3.0,3.0
Cuttack,Cuttack,21-381,2022_10,393,0.0,186310.17,139620.697,2952680.52,0.0,33.485,11.088,12.748,12.604,74.0,7.865,LST_ODISHA_2022_10.tif,4.0,4.0,1.0,3.0,4.0,4.0
Cuttack,Cuttack,21-381,2022_11,393,0.0,186310.17,139620.697,2952680.52,0.0,0.0,11.088,12.748,12.604,74.0,7.865,LST_ODISHA_2022_11.tif,3.0,4.0,1.0,3.0,2.0,4.0
Cuttack,Cuttack,21-381,2022_12,393,0.0,186310.17,139620.697,2952680.52,0.0,0.0,11.088,12.748,12.604,74.0,7.865,LST_ODISHA_2022_12.tif,3.0,4.0,1.0,3.0,2.0,5.0
Cuttack,Cuttack,21-381,2023_01,393,0.0,192589.23,140011.014,2986088.249,0.0,0.0,11.088,12.748,12.604,74.0,7.865,LST_ODISHA_2023_01.tif,3.0,4.0,1.0,3.0,3.0,4.0
Cuttack,Cuttack,21-381,2023_02,393,0.0,192589.23,140011.014,2986088.249,0.0,0.0,11.088,12.748,12.604,74.0,7.865,LST_ODISHA_2023_02.tif,3.0,4.0,1.0,3.0,2.0,5.0
Cuttack,Cuttack,21-381,2023_03,393,0.0,192589.23,140011.014,2986088.249,0.0,15.964,11.088,12.748,12.604,74.0,7.865,LST_ODISHA_2023_03.tif,4.0,4.0,1.0,3.0,4.0,4.0
Cuttack,Cuttack,21-381,2023_04,393,0.0,192589.23,140011.014,2986088.249,0.0,0.871,11.088,12.748,12.604,74.0,7.865,LST_ODISHA_2023_04.tif,3.0,4.0,1.0,3.0,1.0,2.0
Cuttack,Cuttack,21-381,2023_05,393,0.0,192589.23,140011.014,2986088.249,0.0,13.442,11.088,12.748,12.604,74.0,7.865,LST_ODISHA_2023_05.tif,4.0,4.0,1.0,3.0,3.0,2.0
Cuttack,Cuttack,21-381,2023_06,393,0.0,192589.23,140011.014,2986088.249,0.0,26.214,11.088,12.748,12.604,74.0,7.865,LST_ODISHA_2023_06.tif,3.0,4.0,1.0,3.0,2.0,3.0
Cuttack,Cuttack,21-381,2023_07,393,0.0,192589.23,140011.014,2986088.249,0.0,40.478,11.088,12.748,12.604,74.0,7.865,LST_ODISHA_2023_07.tif,4.0,4.0,1.0,3.0,3.0,1.0
Cuttack,Cuttack,21-381,2023_08,393,0.0,192589.23,140011.014,2986088.249,0.0,21.235,11.088,12.748,12.604,74.0,7.865,LST_ODISHA_2023_08.tif,4.0,4.0,1.0,3.0,3.0,2.0
Cuttack,Cuttack,21-381,2023_09,393,0.0,192589.23,140011.014,2986088.249,0.0,34.568,11.088,12.748,12.604,74.0,7.865,LST_ODISHA_2023_09.tif,4.0,4.0,1.0,3.0,3.0,4.0
Cuttack,Cuttack,21-381,2023_10,393,0.0,192589.23,140011.014,2986088.249,0.0,45.651,11.088,12.748,12.604,74.0,7.865,LST_ODISHA_2023_10.tif,4.0,4.0,1.0,3.0,3.0,5.0
Cuttack,Cuttack,21-381,2023_11,393,0.0,192589.23,140011.014,2986088.249,0.0,4.577,11.088,12.748,12.604,74.0,7.865,LST_ODISHA_2023_11.tif,3.0,4.0,1.0,3.0,2.0,4.0
Cuttack,Cuttack,21-381,2023_12,393,0.0,192589.23,140011.014,2986088.249,0.0,0.0,11.088,12.748,12.604,74.0,7.865,LST_ODISHA_2023_12.tif,3.0,4.0,1.0,3.0,1.0,4.0
Cuttack,Cuttack,21-381,2024_01,393,0.0,198868.29,140401.331,3019495.978,0.0,0.0,11.088,12.748,12.604,74.0,7.865,LST_ODISHA_2024_01.tif,3.0,4.0,1.0,3.0,2.0,3.0
Cuttack,Cuttack,21-381,2024_02,393,0.0,198868.29,140401.331,3019495.978,0.0,0.42,11.088,12.748,12.604,74.0,7.865,LST_ODISHA_2024_02.tif,3.0,4.0,1.0,3.0,3.0,5.0
Cuttack,Cuttack,21-381,2024_03,393,358818.0,198868.29,140401.331,3019495.978,358818.0,44.834,11.088,12.748,12.604,74.0,7.865,LST_ODISHA_2024_03.tif,5.0,4.0,1.0,3.0,4.0,3.0
Cuttack,Cuttack,21-381,2024_04,393,17780462.0,198868.29,140401.331,3019495.978,17780462.0,13.166,11.088,12.748,12.604,74.0,7.865,LST_ODISHA_2024_04.tif,4.0,4.0,1.0,3.0,3.0,4.0
Cuttack,Cuttack,21-381,2024_05,393,0.0,198868.29,140401.331,3019495.978,17780462.0,31.996,11.088,12.748,12.604,74.0,7.865,LST_ODISHA_2024_05.tif,3.0,4.0,1.0,3.0,3.0,1.0
Cuttack,Cuttack,21-381,2024_06,393,7595692.0,198868.29,140401.331,3019495.978,25376154.0,35.792,11.088,12.748,12.604,74.0,7.865,LST_ODISHA_2024_06.tif,3.0,4.0,1.0,3.0,3.0,3.0
Cuttack,Cuttack,21-381,2024_07,393,0.0,198868.29,140401.331,3019495.978,25376154.0,21.338,11.088,12.748,12.604,74.0,7.865,LST_ODISHA_2024_07.tif,3.0,4.0,1.0,3.0,3.0,1.0
Cuttack,Cuttack,21-381,2024_08,393,0.0,198868.29,140401.331,3019495.978,25376154.0,6.528,11.088,12.748,12.604,74.0,7.865,LST_ODISHA_2024_08.tif,3.0,4.0,1.0,3.0,2.0,2.0
Cuttack,Cuttack,21-381,2024_09,393,19571467.0,198868.29,140401.331,3019495.978,44947621.0,21.654,11.088,12.748,12.604,74.0,7.865,LST_ODISHA_2024_09.tif,4.0,4.0,1.0,3.0,3.0,4.0
Cuttack,Cuttack,21-381,2024_10,393,0.0,198868.29,140401.331,3019495.978,44947621.0,72.756,11.088,12.748,12.604,74.0,7.865,LST_ODISHA_2024_10.tif,3.0,4.0,1.0,3.0,3.0,5.0
Cuttack,Cuttack,21-381,2024_11,393,0.0,198868.29,140401.331,3019495.978,44947621.0,3.588,11.088,12.748,12.604,74.0,7.865,LST_ODISHA_2024_11.tif,3.0,4.0,1.0,3.0,2.0,4.0
Cuttack,Cuttack,21-381,2024_12,393,0.0,198868.29,140401.331,3019495.978,44947621.0,0.0,11.088,12.748,12.604,74.0,7.865,LST_ODISHA_2024_12.tif,3.0,4.0,1.0,3.0,2.0,4.0
Cuttack,Cuttack,21-381,2025_01,393,0.0,205147.35,140791.648,3052903.707,44947621.0,0.0,11.088,12.748,12.604,74.0,7.865,LST_ODISHA_2025_01.tif,3.0,4.0,1.0,3.0,3.0,4.0
Cuttack,Cuttack,21-381,2025_02,393,285754.0,205147.35,140791.648,3052903.707,45233375.0,0.0,11.088,12.748,12.604,74.0,7.865,LST_ODISHA_2025_02.tif,3.0,4.0,1.0,3.0,2.0,4.0
Cuttack,Cuttack,21-381,2025_03,393,1410628.0,205147.35,140791.648,3052903.707,46644003.0,39.677,11.088,12.748,12.604,74.0,7.865,LST_ODISHA_2025_03.tif,3.0,4.0,1.0,3.0,3.0,3.0
Cuttack,Cuttack,21-381,2025_04,393,642906.0,205147.35,140791.648,3052903.707,642906.0,10.053,11.088,12.748,12.604,74.0,7.865,LST_ODISHA_2025_04.tif,5.0,4.0,1.0,3.0,4.0,2.0
Cuttack,Cuttack,21-381,2025_05,393,785413.0,205147.35,140791.648,3052903.707,1428319.0,3.018,11.088,12.748,12.604,74.0,7.865,LST_ODISHA_2025_05.tif,2.0,4.0,1.0,3.0,2.0,4.0
Cuttack,Cuttack,21-381,2025_06,393,0.0,205147.35,140791.648,3052903.707,1428319.0,2.137,11.088,12.748,12.604,74.0,7.865,LST_ODISHA_2025_06.tif,3.0,4.0,1.0,3.0,3.0,2.0
Cuttack,Cuttack,21-381,2025_07,393,28877342.55,205147.35,140791.648,3052903.707,30305661.55,19.472,11.088,12.748,12.604,74.0,7.865,LST_ODISHA_2025_07.tif,3.0,4.0,1.0,3.0,3.0,1.0
Cuttack,Cuttack,21-381,2025_08,393,0.0,205147.35,140791.648,3052903.707,30305661.55,24.837,11.088,12.748,12.604,74.0,7.865,LST_ODISHA_2025_08.tif,3.0,4.0,1.0,3.0,3.0,3.0
Cuttack,Cuttack,21-381,2025_09,393,11112901.0,205147.35,140791.648,3052903.707,41418562.55,10.166,11.088,12.748,12.604,74.0,7.865,LST_ODISHA_2025_09.tif,2.0,4.0,1.0,3.0,2.0,5.0
Cuttack,Cuttack,21-381,2025_10,393,7142861.0,205147.35,140791.648,3052903.707,48561423.55,44.43,11.088,12.748,12.604,74.0,7.865,LST_ODISHA_2025_10.tif,4.0,4.0,1.0,3.0,4.0,5.0
Cuttack,Cuttack,21-381,2025_11,393,0.0,205147.35,140791.648,3052903.707,48561423.55,3.285,11.088,12.748,12.604,74.0,7.865,LST_ODISHA_2025_11.tif,4.0,4.0,1.0,3.0,4.0,5.0
Cuttack,Cuttack,21-381,2025_12,393,0.0,205147.35,140791.648,3052903.707,48561423.55,0.0,11.088,12.748,12.604,74.0,7.865,LST_ODISHA_2025_12.tif,3.0,4.0,1.0,3.0,3.0,4.0
Cuttack,Cuttack,21-381,2026_01,393,0.0,211426.41,141181.965,3086311.436,48561423.55,0.0,11.088,12.748,12.604,74.0,7.865,LST_ODISHA_2026_01.tif,3.0,4.0,1.0,3.0,3.0,5.0
Cuttack,Cuttack,21-381,2026_02,393,0.0,211426.41,141181.965,3086311.436,48561423.55,0.0,11.088,12.748,12.604,74.0,7.865,LST_ODISHA_2026_02.tif,3.0,4.0,1.0,3.0,3.0,5.0
Cuttack,Cuttack,21-381,2026_03,393,0.0,211426.41,141181.965,3086311.436,48561423.55,29.335,11.088,12.748,12.604,74.0,7.865,LST_ODISHA_2026_03.tif,3.0,4.0,1.0,3.0,3.0,4.0
Deogarh,Deogarh,21-373,2021_01,53,0.0,22517.075,26843.35,356737.195,0.0,0.0,10.143,17.216,15.613,86.867,6.408,LST_ODISHA_2021_01.tif,3.0,2.0,1.0,3.0,1.0,1.0
Deogarh,Deogarh,21-373,2021_02,53,0.0,22517.075,26843.35,356737.195,0.0,0.105,10.143,17.216,15.613,86.867,6.408,LST_ODISHA_2021_02.tif,3.0,2.0,1.0,3.0,2.0,2.0
Deogarh,Deogarh,21-373,2021_03,53,0.0,22517.075,26843.35,356737.195,0.0,34.466,10.143,17.216,15.613,86.867,6.408,LST_ODISHA_2021_03.tif,4.0,2.0,1.0,3.0,4.0,2.0
Deogarh,Deogarh,21-373,2021_04,53,0.0,22517.075,26843.35,356737.195,0.0,0.0,10.143,17.216,15.613,86.867,6.408,LST_ODISHA_2021_04.tif,3.0,2.0,1.0,3.0,2.0,2.0
Deogarh,Deogarh,21-373,2021_05,53,0.0,22517.075,26843.35,356737.195,0.0,4.543,10.143,17.216,15.613,86.867,6.408,LST_ODISHA_2021_05.tif,4.0,2.0,1.0,4.0,3.0,1.0
Deogarh,Deogarh,21-373,2021_06,53,0.0,22517.075,26843.35,356737.195,0.0,0.855,10.143,17.216,15.613,86.867,6.408,LST_ODISHA_2021_06.tif,2.0,2.0,1.0,4.0,2.0,2.0
Deogarh,Deogarh,21-373,2021_07,53,0.0,22517.075,26843.35,356737.195,0.0,17.979,10.143,17.216,15.613,86.867,6.408,LST_ODISHA_2021_07.tif,3.0,2.0,1.0,4.0,3.0,2.0
Deogarh,Deogarh,21-373,2021_08,53,0.0,22517.075,26843.35,356737.195,0.0,19.502,10.143,17.216,15.613,86.867,6.408,LST_ODISHA_2021_08.tif,2.0,2.0,1.0,3.0,2.0,3.0
Deogarh,Deogarh,21-373,2021_09,53,0.0,22517.075,26843.35,356737.195,0.0,2.37,10.143,17.216,15.613,86.867,6.408,LST_ODISHA_2021_09.tif,2.0,2.0,1.0,3.0,2.0,3.0
Deogarh,Deogarh,21-373,2021_10,53,0.0,22517.075,26843.35,356737.195,0.0,54.143,10.143,17.216,15.613,86.867,6.408,LST_ODISHA_2021_10.tif,4.0,2.0,1.0,3.0,4.0,2.0
Deogarh,Deogarh,21-373,2021_11,53,0.0,22517.075,26843.35,356737.195,0.0,0.566,10.143,17.216,15.613,86.867,6.408,LST_ODISHA_2021_11.tif,2.0,2.0,1.0,3.0,2.0,2.0
Deogarh,Deogarh,21-373,2021_12,53,0.0,22517.075,26843.35,356737.195,0.0,0.0,10.143,17.216,15.613,86.867,6.408,LST_ODISHA_2021_12.tif,3.0,2.0,1.0,3.0,2.0,2.0
Deogarh,Deogarh,21-373,2022_01,53,0.0,23371.587,26973.202,361559.336,0.0,0.0,10.143,17.216,15.613,86.867,6.408,LST_ODISHA_2022_01.tif,3.0,2.0,1.0,3.0,3.0,1.0
Deogarh,Deogarh,21-373,2022_02,53,0.0,23371.587,26973.202,361559.336,0.0,0.0,10.143,17.216,15.613,86.867,6.408,LST_ODISHA_2022_02.tif,3.0,2.0,1.0,3.0,3.0,1.0
Deogarh,Deogarh,21-373,2022_03,53,0.0,23371.587,26973.202,361559.336,0.0,38.154,10.143,17.216,15.613,86.867,6.408,LST_ODISHA_2022_03.tif,4.0,2.0,1.0,3.0,4.0,1.0
Deogarh,Deogarh,21-373,2022_04,53,0.0,23371.587,26973.202,361559.336,0.0,0.637,10.143,17.216,15.613,86.867,6.408,LST_ODISHA_2022_04.tif,2.0,2.0,1.0,3.0,2.0,3.0
Deogarh,Deogarh,21-373,2022_05,53,0.0,23371.587,26973.202,361559.336,0.0,15.656,10.143,17.216,15.613,86.867,6.408,LST_ODISHA_2022_05.tif,4.0,2.0,1.0,3.0,4.0,3.0
Deogarh,Deogarh,21-373,2022_06,53,0.0,23371.587,26973.202,361559.336,0.0,26.671,10.143,17.216,15.613,86.867,6.408,LST_ODISHA_2022_06.tif,5.0,2.0,1.0,3.0,4.0,1.0
Deogarh,Deogarh,21-373,2022_07,53,0.0,23371.587,26973.202,361559.336,0.0,10.502,10.143,17.216,15.613,86.867,6.408,LST_ODISHA_2022_07.tif,3.0,2.0,1.0,3.0,3.0,4.0
Deogarh,Deogarh,21-373,2022_08,53,0.0,23371.587,26973.202,361559.336,0.0,16.25,10.143,17.216,15.613,86.867,6.408,LST_ODISHA_2022_08.tif,2.0,2.0,1.0,3.0,2.0,3.0
Deogarh,Deogarh,21-373,2022_09,53,0.0,23371.587,26973.202,361559.336,0.0,7.126,10.143,17.216,15.613,86.867,6.408,LST_ODISHA_2022_09.tif,2.0,2.0,1.0,3.0,2.0,5.0
Deogarh,Deogarh,21-373,2022_10,53,0.0,23371.587,26973.202,361559.336,0.0,31.353,10.143,17.216,15.613,86.867,6.408,LST_ODISHA_2022_10.tif,3.0,2.0,1.0,3.0,3.0,3.0
Deogarh,Deogarh,21-373,2022_11,53,0.0,23371.587,26973.202,361559.336,0.0,0.0,10.143,17.216,15.613,86.867,6.408,LST_ODISHA_2022_11.tif,3.0,2.0,1.0,3.0,2.0,2.0
Deogarh,Deogarh,21-373,2022_12,53,0.0,23371.587,26973.202,361559.336,0.0,0.0,10.143,17.216,15.613,86.867,6.408,LST_ODISHA_2022_12.tif,3.0,2.0,1.0,3.0,2.0,2.0
Deogarh,Deogarh,21-373,2023_01,53,0.0,24226.099,27103.054,366381.477,0.0,0.0,10.143,17.216,15.613,86.867,6.408,LST_ODISHA_2023_01.tif,3.0,2.0,1.0,3.0,3.0,2.0
Deogarh,Deogarh,21-373,2023_02,53,0.0,24226.099,27103.054,366381.477,0.0,0.0,10.143,17.216,15.613,86.867,6.408,LST_ODISHA_2023_02.tif,3.0,2.0,1.0,3.0,2.0,2.0
Deogarh,Deogarh,21-373,2023_03,53,0.0,24226.099,27103.054,366381.477,0.0,12.261,10.143,17.216,15.613,86.867,6.408,LST_ODISHA_2023_03.tif,3.0,2.0,1.0,3.0,3.0,3.0
Deogarh,Deogarh,21-373,2023_04,53,0.0,24226.099,27103.054,366381.477,0.0,0.0,10.143,17.216,15.613,86.867,6.408,LST_ODISHA_2023_04.tif,3.0,2.0,1.0,3.0,1.0,4.0
Deogarh,Deogarh,21-373,2023_05,53,0.0,24226.099,27103.054,366381.477,0.0,5.62,10.143,17.216,15.613,86.867,6.408,LST_ODISHA_2023_05.tif,3.0,2.0,1.0,3.0,2.0,4.0
Deogarh,Deogarh,21-373,2023_06,53,0.0,24226.099,27103.054,366381.477,0.0,25.282,10.143,17.216,15.613,86.867,6.408,LST_ODISHA_2023_06.tif,3.0,2.0,1.0,3.0,2.0,3.0
Deogarh,Deogarh,21-373,2023_07,53,0.0,24226.099,27103.054,366381.477,0.0,40.855,10.143,17.216,15.613,86.867,6.408,LST_ODISHA_2023_07.tif,4.0,2.0,1.0,3.0,3.0,1.0
Deogarh,Deogarh,21-373,2023_08,53,0.0,24226.099,27103.054,366381.477,0.0,18.5,10.143,17.216,15.613,86.867,6.408,LST_ODISHA_2023_08.tif,3.0,2.0,1.0,3.0,3.0,2.0
Deogarh,Deogarh,21-373,2023_09,53,0.0,24226.099,27103.054,366381.477,0.0,35.538,10.143,17.216,15.613,86.867,6.408,LST_ODISHA_2023_09.tif,5.0,2.0,1.0,3.0,4.0,4.0
Deogarh,Deogarh,21-373,2023_10,53,0.0,24226.099,27103.054,366381.477,0.0,43.0,10.143,17.216,15.613,86.867,6.408,LST_ODISHA_2023_10.tif,3.0,2.0,1.0,3.0,3.0,3.0
Deogarh,Deogarh,21-373,2023_11,53,0.0,24226.099,27103.054,366381.477,0.0,2.613,10.143,17.216,15.613,86.867,6.408,LST_ODISHA_2023_11.tif,2.0,2.0,1.0,3.0,1.0,2.0
Deogarh,Deogarh,21-373,2023_12,53,0.0,24226.099,27103.054,366381.477,0.0,0.0,10.143,17.216,15.613,86.867,6.408,LST_ODISHA_2023_12.tif,3.0,2.0,1.0,3.0,1.0,1.0
Deogarh,Deogarh,21-373,2024_01,53,0.0,25080.611,27232.906,371203.617,0.0,0.0,10.143,17.216,15.613,86.867,6.408,LST_ODISHA_2024_01.tif,3.0,2.0,1.0,3.0,1.0,1.0
Deogarh,Deogarh,21-373,2024_02,53,0.0,25080.611,27232.906,371203.617,0.0,0.0,10.143,17.216,15.613,86.867,6.408,LST_ODISHA_2024_02.tif,2.0,2.0,1.0,3.0,2.0,1.0
Deogarh,Deogarh,21-373,2024_03,53,0.0,25080.611,27232.906,371203.617,0.0,36.771,10.143,17.216,15.613,86.867,6.408,LST_ODISHA_2024_03.tif,3.0,2.0,1.0,3.0,3.0,2.0
Deogarh,Deogarh,21-373,2024_04,53,0.0,25080.611,27232.906,371203.617,0.0,1.308,10.143,17.216,15.613,86.867,6.408,LST_ODISHA_2024_04.tif,2.0,2.0,1.0,3.0,2.0,3.0
Deogarh,Deogarh,21-373,2024_05,53,0.0,25080.611,27232.906,371203.617,0.0,26.929,10.143,17.216,15.613,86.867,6.408,LST_ODISHA_2024_05.tif,2.0,2.0,1.0,4.0,2.0,1.0
Deogarh,Deogarh,21-373,2024_06,53,0.0,25080.611,27232.906,371203.617,0.0,49.188,10.143,17.216,15.613,86.867,6.408,LST_ODISHA_2024_06.tif,4.0,2.0,1.0,4.0,4.0,2.0
Deogarh,Deogarh,21-373,2024_07,53,0.0,25080.611,27232.906,371203.617,0.0,26.047,10.143,17.216,15.613,86.867,6.408,LST_ODISHA_2024_07.tif,4.0,2.0,1.0,4.0,4.0,3.0
Deogarh,Deogarh,21-373,2024_08,53,0.0,25080.611,27232.906,371203.617,0.0,2.729,10.143,17.216,15.613,86.867,6.408,LST_ODISHA_2024_08.tif,2.0,2.0,1.0,4.0,2.0,3.0
Deogarh,Deogarh,21-373,2024_09,53,0.0,25080.611,27232.906,371203.617,0.0,22.019,10.143,17.216,15.613,86.867,6.408,LST_ODISHA_2024_09.tif,4.0,2.0,1.0,4.0,4.0,4.0
Deogarh,Deogarh,21-373,2024_10,53,0.0,25080.611,27232.906,371203.617,0.0,72.145,10.143,17.216,15.613,86.867,6.408,LST_ODISHA_2024_10.tif,3.0,2.0,1.0,4.0,3.0,4.0
Deogarh,Deogarh,21-373,2024_11,53,0.0,25080.611,27232.906,371203.617,0.0,1.487,10.143,17.216,15.613,86.867,6.408,LST_ODISHA_2024_11.tif,2.0,2.0,1.0,4.0,2.0,3.0
Deogarh,Deogarh,21-373,2024_12,53,0.0,25080.611,27232.906,371203.617,0.0,0.0,10.143,17.216,15.613,86.867,6.408,LST_ODISHA_2024_12.tif,3.0,2.0,1.0,4.0,2.0,2.0
Deogarh,Deogarh,21-373,2025_01,53,0.0,25935.123,27362.758,376025.758,0.0,0.0,10.143,17.216,15.613,86.867,6.408,LST_ODISHA_2025_01.tif,3.0,2.0,1.0,4.0,3.0,2.0
Deogarh,Deogarh,21-373,2025_02,53,0.0,25935.123,27362.758,376025.758,0.0,0.0,10.143,17.216,15.613,86.867,6.408,LST_ODISHA_2025_02.tif,3.0,2.0,1.0,4.0,2.0,2.0
Deogarh,Deogarh,21-373,2025_03,53,0.0,25935.123,27362.758,376025.758,0.0,44.291,10.143,17.216,15.613,86.867,6.408,LST_ODISHA_2025_03.tif,4.0,2.0,1.0,4.0,4.0,3.0
Deogarh,Deogarh,21-373,2025_04,53,0.0,25935.123,27362.758,376025.758,0.0,0.109,10.143,17.216,15.613,86.867,6.408,LST_ODISHA_2025_04.tif,2.0,2.0,1.0,3.0,2.0,3.0
Deogarh,Deogarh,21-373,2025_05,53,0.0,25935.123,27362.758,376025.758,0.0,8.043,10.143,17.216,15.613,86.867,6.408,LST_ODISHA_2025_05.tif,3.0,2.0,1.0,3.0,3.0,2.0
Deogarh,Deogarh,21-373,2025_06,53,0.0,25935.123,27362.758,376025.758,0.0,3.19,10.143,17.216,15.613,86.867,6.408,LST_ODISHA_2025_06.tif,4.0,2.0,1.0,3.0,3.0,3.0
Deogarh,Deogarh,21-373,2025_07,53,0.0,25935.123,27362.758,376025.758,0.0,17.094,10.143,17.216,15.613,86.867,6.408,LST_ODISHA_2025_07.tif,2.0,2.0,1.0,3.0,2.0,5.0
Deogarh,Deogarh,21-373,2025_08,53,0.0,25935.123,27362.758,376025.758,0.0,22.618,10.143,17.216,15.613,86.867,6.408,LST_ODISHA_2025_08.tif,3.0,2.0,1.0,3.0,3.0,4.0
Deogarh,Deogarh,21-373,2025_09,53,0.0,25935.123,27362.758,376025.758,0.0,21.075,10.143,17.216,15.613,86.867,6.408,LST_ODISHA_2025_09.tif,4.0,2.0,1.0,4.0,3.0,3.0
Deogarh,Deogarh,21-373,2025_10,53,0.0,25935.123,27362.758,376025.758,0.0,40.712,10.143,17.216,15.613,86.867,6.408,LST_ODISHA_2025_10.tif,3.0,2.0,1.0,3.0,3.0,4.0
Deogarh,Deogarh,21-373,2025_11,53,0.0,25935.123,27362.758,376025.758,0.0,1.365,10.143,17.216,15.613,86.867,6.408,LST_ODISHA_2025_11.tif,2.0,2.0,1.0,3.0,2.0,3.0
Deogarh,Deogarh,21-373,2025_12,53,0.0,25935.123,27362.758,376025.758,0.0,0.0,10.143,17.216,15.613,86.867,6.408,LST_ODISHA_2025_12.tif,3.0,2.0,1.0,3.0,3.0,2.0
Deogarh,Deogarh,21-373,2026_01,53,0.0,26789.635,27492.61,380847.898,0.0,0.0,10.143,17.216,15.613,86.867,6.408,LST_ODISHA_2026_01.tif,3.0,2.0,1.0,3.0,3.0,2.0
Deogarh,Deogarh,21-373,2026_02,53,0.0,26789.635,27492.61,380847.898,0.0,0.0,10.143,17.216,15.613,86.867,6.408,LST_ODISHA_2026_02.tif,3.0,2.0,1.0,3.0,3.0,2.0
Deogarh,Deogarh,21-373,2026_03,53,0.0,26789.635,27492.61,380847.898,0.0,32.466,10.143,17.216,15.613,86.867,6.408,LST_ODISHA_2026_03.tif,4.0,2.0,1.0,3.0,4.0,3.0
Dhenkanal,Dhenkanal,21-383,2021_01,205,0.0,88657.815,85853.395,1404701.891,0.0,0.0,9.801,11.738,10.893,87.1,8.122,LST_ODISHA_2021_01.tif,3.0,4.0,2.0,3.0,2.0,3.0
Dhenkanal,Dhenkanal,21-383,2021_02,205,0.0,88657.815,85853.395,1404701.891,0.0,0.0,9.801,11.738,10.893,87.1,8.122,LST_ODISHA_2021_02.tif,2.0,4.0,2.0,3.0,1.0,4.0
Dhenkanal,Dhenkanal,21-383,2021_03,205,0.0,88657.815,85853.395,1404701.891,0.0,32.11,9.801,11.738,10.893,87.1,8.122,LST_ODISHA_2021_03.tif,3.0,4.0,2.0,3.0,3.0,4.0
Dhenkanal,Dhenkanal,21-383,2021_04,205,0.0,88657.815,85853.395,1404701.891,0.0,0.0,9.801,11.738,10.893,87.1,8.122,LST_ODISHA_2021_04.tif,3.0,4.0,2.0,3.0,2.0,3.0
Dhenkanal,Dhenkanal,21-383,2021_05,205,150335.04,88657.815,85853.395,1404701.891,150335.04,2.921,9.801,11.738,10.893,87.1,8.122,LST_ODISHA_2021_05.tif,3.0,4.0,2.0,4.0,3.0,2.0
Dhenkanal,Dhenkanal,21-383,2021_06,205,600000.0,88657.815,85853.395,1404701.891,750335.04,0.285,9.801,11.738,10.893,87.1,8.122,LST_ODISHA_2021_06.tif,2.0,4.0,2.0,4.0,2.0,2.0
Dhenkanal,Dhenkanal,21-383,2021_07,205,79017326.966,88657.815,85853.395,1404701.891,79767662.006,20.339,9.801,11.738,10.893,87.1,8.122,LST_ODISHA_2021_07.tif,4.0,4.0,2.0,3.0,4.0,1.0
Dhenkanal,Dhenkanal,21-383,2021_08,205,1215060.0,88657.815,85853.395,1404701.891,80982722.006,24.388,9.801,11.738,10.893,87.1,8.122,LST_ODISHA_2021_08.tif,4.0,4.0,2.0,3.0,4.0,3.0
Dhenkanal,Dhenkanal,21-383,2021_09,205,0.0,88657.815,85853.395,1404701.891,80982722.006,1.485,9.801,11.738,10.893,87.1,8.122,LST_ODISHA_2021_09.tif,2.0,4.0,2.0,3.0,3.0,4.0
Dhenkanal,Dhenkanal,21-383,2021_10,205,0.0,88657.815,85853.395,1404701.891,80982722.006,53.073,9.801,11.738,10.893,87.1,8.122,LST_ODISHA_2021_10.tif,3.0,4.0,2.0,3.0,3.0,4.0
Dhenkanal,Dhenkanal,21-383,2021_11,205,0.0,88657.815,85853.395,1404701.891,80982722.006,0.945,9.801,11.738,10.893,87.1,8.122,LST_ODISHA_2021_11.tif,2.0,4.0,2.0,3.0,2.0,4.0
Dhenkanal,Dhenkanal,21-383,2021_12,205,0.0,88657.815,85853.395,1404701.891,80982722.006,0.0,9.801,11.738,10.893,87.1,8.122,LST_ODISHA_2021_12.tif,3.0,4.0,2.0,3.0,2.0,3.0
Dhenkanal,Dhenkanal,21-383,2022_01,205,0.0,92026.664,86328.435,1420453.559,80982722.006,0.0,9.801,11.738,10.893,87.1,8.122,LST_ODISHA_2022_01.tif,3.0,4.0,2.0,3.0,3.0,3.0
Dhenkanal,Dhenkanal,21-383,2022_02,205,0.0,92026.664,86328.435,1420453.559,80982722.006,0.0,9.801,11.738,10.893,87.1,8.122,LST_ODISHA_2022_02.tif,3.0,4.0,2.0,3.0,3.0,3.0
Dhenkanal,Dhenkanal,21-383,2022_03,205,0.0,92026.664,86328.435,1420453.559,80982722.006,35.562,9.801,11.738,10.893,87.1,8.122,LST_ODISHA_2022_03.tif,2.0,4.0,2.0,3.0,3.0,3.0
Dhenkanal,Dhenkanal,21-383,2022_04,205,0.0,92026.664,86328.435,1420453.559,0.0,3.406,9.801,11.738,10.893,87.1,8.122,LST_ODISHA_2022_04.tif,4.0,4.0,2.0,3.0,4.0,3.0
Dhenkanal,Dhenkanal,21-383,2022_05,205,0.0,92026.664,86328.435,1420453.559,0.0,8.209,9.801,11.738,10.893,87.1,8.122,LST_ODISHA_2022_05.tif,3.0,4.0,2.0,3.0,3.0,3.0
Dhenkanal,Dhenkanal,21-383,2022_06,205,0.0,92026.664,86328.435,1420453.559,0.0,21.945,9.801,11.738,10.893,87.1,8.122,LST_ODISHA_2022_06.tif,4.0,4.0,2.0,3.0,4.0,1.0
Dhenkanal,Dhenkanal,21-383,2022_07,205,0.0,92026.664,86328.435,1420453.559,0.0,12.609,9.801,11.738,10.893,87.1,8.122,LST_ODISHA_2022_07.tif,4.0,4.0,2.0,3.0,4.0,4.0
Dhenkanal,Dhenkanal,21-383,2022_08,205,0.0,92026.664,86328.435,1420453.559,0.0,17.49,9.801,11.738,10.893,87.1,8.122,LST_ODISHA_2022_08.tif,2.0,4.0,2.0,3.0,3.0,3.0
Dhenkanal,Dhenkanal,21-383,2022_09,205,0.0,92026.664,86328.435,1420453.559,0.0,9.713,9.801,11.738,10.893,87.1,8.122,LST_ODISHA_2022_09.tif,3.0,4.0,2.0,3.0,3.0,5.0
Dhenkanal,Dhenkanal,21-383,2022_10,205,0.0,92026.664,86328.435,1420453.559,0.0,33.38,9.801,11.738,10.893,87.1,8.122,LST_ODISHA_2022_10.tif,4.0,4.0,2.0,3.0,4.0,4.0
Dhenkanal,Dhenkanal,21-383,2022_11,205,0.0,92026.664,86328.435,1420453.559,0.0,0.0,9.801,11.738,10.893,87.1,8.122,LST_ODISHA_2022_11.tif,3.0,4.0,2.0,3.0,2.0,4.0
Dhenkanal,Dhenkanal,21-383,2022_12,205,0.0,92026.664,86328.435,1420453.559,0.0,0.0,9.801,11.738,10.893,87.1,8.122,LST_ODISHA_2022_12.tif,3.0,4.0,2.0,3.0,2.0,4.0
Dhenkanal,Dhenkanal,21-383,2023_01,205,0.0,95395.513,86803.475,1436205.228,0.0,0.0,9.801,11.738,10.893,87.1,8.122,LST_ODISHA_2023_01.tif,3.0,4.0,2.0,3.0,3.0,3.0
Dhenkanal,Dhenkanal,21-383,2023_02,205,0.0,95395.513,86803.475,1436205.228,0.0,0.0,9.801,11.738,10.893,87.1,8.122,LST_ODISHA_2023_02.tif,3.0,4.0,2.0,3.0,2.0,4.0
Dhenkanal,Dhenkanal,21-383,2023_03,205,908495.0,95395.513,86803.475,1436205.228,908495.0,13.76,9.801,11.738,10.893,87.1,8.122,LST_ODISHA_2023_03.tif,4.0,4.0,2.0,3.0,4.0,5.0
Dhenkanal,Dhenkanal,21-383,2023_04,205,0.0,95395.513,86803.475,1436205.228,0.0,0.0,9.801,11.738,10.893,87.1,8.122,LST_ODISHA_2023_04.tif,3.0,4.0,2.0,3.0,1.0,3.0
Dhenkanal,Dhenkanal,21-383,2023_05,205,0.0,95395.513,86803.475,1436205.228,0.0,8.953,9.801,11.738,10.893,87.1,8.122,LST_ODISHA_2023_05.tif,3.0,4.0,2.0,3.0,2.0,3.0
Dhenkanal,Dhenkanal,21-383,2023_06,205,0.0,95395.513,86803.475,1436205.228,0.0,25.466,9.801,11.738,10.893,87.1,8.122,LST_ODISHA_2023_06.tif,3.0,4.0,2.0,3.0,2.0,3.0
Dhenkanal,Dhenkanal,21-383,2023_07,205,0.0,95395.513,86803.475,1436205.228,0.0,39.798,9.801,11.738,10.893,87.1,8.122,LST_ODISHA_2023_07.tif,4.0,4.0,2.0,3.0,4.0,2.0
Dhenkanal,Dhenkanal,21-383,2023_08,205,0.0,95395.513,86803.475,1436205.228,0.0,22.408,9.801,11.738,10.893,87.1,8.122,LST_ODISHA_2023_08.tif,4.0,4.0,2.0,3.0,4.0,3.0
Dhenkanal,Dhenkanal,21-383,2023_09,205,0.0,95395.513,86803.475,1436205.228,0.0,34.773,9.801,11.738,10.893,87.1,8.122,LST_ODISHA_2023_09.tif,4.0,4.0,2.0,3.0,4.0,5.0
Dhenkanal,Dhenkanal,21-383,2023_10,205,0.0,95395.513,86803.475,1436205.228,0.0,44.475,9.801,11.738,10.893,87.1,8.122,LST_ODISHA_2023_10.tif,4.0,4.0,2.0,3.0,4.0,5.0
Dhenkanal,Dhenkanal,21-383,2023_11,205,0.0,95395.513,86803.475,1436205.228,0.0,4.999,9.801,11.738,10.893,87.1,8.122,LST_ODISHA_2023_11.tif,3.0,4.0,2.0,3.0,2.0,4.0
Dhenkanal,Dhenkanal,21-383,2023_12,205,0.0,95395.513,86803.475,1436205.228,0.0,0.0,9.801,11.738,10.893,87.1,8.122,LST_ODISHA_2023_12.tif,3.0,4.0,2.0,3.0,1.0,3.0
Dhenkanal,Dhenkanal,21-383,2024_01,205,0.0,98764.362,87278.515,1451956.897,0.0,0.0,9.801,11.738,10.893,87.1,8.122,LST_ODISHA_2024_01.tif,3.0,3.0,2.0,3.0,2.0,3.0
Dhenkanal,Dhenkanal,21-383,2024_02,205,0.0,98764.362,87278.515,1451956.897,0.0,0.297,9.801,11.738,10.893,87.1,8.122,LST_ODISHA_2024_02.tif,3.0,3.0,2.0,3.0,3.0,4.0
Dhenkanal,Dhenkanal,21-383,2024_03,205,12112042.0,98764.362,87278.515,1451956.897,12112042.0,43.665,9.801,11.738,10.893,87.1,8.122,LST_ODISHA_2024_03.tif,4.0,3.0,2.0,3.0,4.0,3.0
Dhenkanal,Dhenkanal,21-383,2024_04,205,21596612.0,98764.362,87278.515,1451956.897,21596612.0,2.956,9.801,11.738,10.893,87.1,8.122,LST_ODISHA_2024_04.tif,2.0,3.0,2.0,3.0,2.0,3.0
Dhenkanal,Dhenkanal,21-383,2024_05,205,0.0,98764.362,87278.515,1451956.897,21596612.0,29.227,9.801,11.738,10.893,87.1,8.122,LST_ODISHA_2024_05.tif,3.0,3.0,2.0,3.0,3.0,2.0
Dhenkanal,Dhenkanal,21-383,2024_06,205,0.0,98764.362,87278.515,1451956.897,21596612.0,38.848,9.801,11.738,10.893,87.1,8.122,LST_ODISHA_2024_06.tif,3.0,3.0,2.0,3.0,3.0,3.0
Dhenkanal,Dhenkanal,21-383,2024_07,205,0.0,98764.362,87278.515,1451956.897,21596612.0,22.41,9.801,11.738,10.893,87.1,8.122,LST_ODISHA_2024_07.tif,3.0,3.0,2.0,3.0,3.0,1.0
Dhenkanal,Dhenkanal,21-383,2024_08,205,0.0,98764.362,87278.515,1451956.897,21596612.0,3.076,9.801,11.738,10.893,87.1,8.122,LST_ODISHA_2024_08.tif,2.0,3.0,2.0,3.0,2.0,4.0
Dhenkanal,Dhenkanal,21-383,2024_09,205,0.0,98764.362,87278.515,1451956.897,21596612.0,25.007,9.801,11.738,10.893,87.1,8.122,LST_ODISHA_2024_09.tif,5.0,3.0,2.0,3.0,4.0,4.0
Dhenkanal,Dhenkanal,21-383,2024_10,205,0.0,98764.362,87278.515,1451956.897,21596612.0,73.809,9.801,11.738,10.893,87.1,8.122,LST_ODISHA_2024_10.tif,3.0,3.0,2.0,3.0,3.0,5.0
Dhenkanal,Dhenkanal,21-383,2024_11,205,0.0,98764.362,87278.515,1451956.897,21596612.0,3.073,9.801,11.738,10.893,87.1,8.122,LST_ODISHA_2024_11.tif,3.0,3.0,2.0,3.0,2.0,4.0
Dhenkanal,Dhenkanal,21-383,2024_12,205,0.0,98764.362,87278.515,1451956.897,21596612.0,0.0,9.801,11.738,10.893,87.1,8.122,LST_ODISHA_2024_12.tif,3.0,3.0,2.0,3.0,2.0,3.0
Dhenkanal,Dhenkanal,21-383,2025_01,205,0.0,102133.211,87753.555,1467708.566,21596612.0,0.0,9.801,11.738,10.893,87.1,8.122,LST_ODISHA_2025_01.tif,3.0,3.0,2.0,3.0,3.0,3.0
Dhenkanal,Dhenkanal,21-383,2025_02,205,0.0,102133.211,87753.555,1467708.566,21596612.0,0.0,9.801,11.738,10.893,87.1,8.122,LST_ODISHA_2025_02.tif,3.0,3.0,2.0,3.0,2.0,3.0
Dhenkanal,Dhenkanal,21-383,2025_03,205,373647.0,102133.211,87753.555,1467708.566,21970259.0,40.346,9.801,11.738,10.893,87.1,8.122,LST_ODISHA_2025_03.tif,3.0,3.0,2.0,3.0,3.0,3.0
Dhenkanal,Dhenkanal,21-383,2025_04,205,0.0,102133.211,87753.555,1467708.566,0.0,7.127,9.801,11.738,10.893,87.1,8.122,LST_ODISHA_2025_04.tif,4.0,3.0,2.0,3.0,4.0,2.0
Dhenkanal,Dhenkanal,21-383,2025_05,205,0.0,102133.211,87753.555,1467708.566,0.0,4.883,9.801,11.738,10.893,87.1,8.122,LST_ODISHA_2025_05.tif,3.0,3.0,2.0,3.0,3.0,3.0
Dhenkanal,Dhenkanal,21-383,2025_06,205,0.0,102133.211,87753.555,1467708.566,0.0,1.585,9.801,11.738,10.893,87.1,8.122,LST_ODISHA_2025_06.tif,3.0,3.0,2.0,3.0,3.0,2.0
Dhenkanal,Dhenkanal,21-383,2025_07,205,0.0,102133.211,87753.555,1467708.566,0.0,19.843,9.801,11.738,10.893,87.1,8.122,LST_ODISHA_2025_07.tif,3.0,3.0,2.0,3.0,3.0,1.0
Dhenkanal,Dhenkanal,21-383,2025_08,205,0.0,102133.211,87753.555,1467708.566,0.0,24.866,9.801,11.738,10.893,87.1,8.122,LST_ODISHA_2025_08.tif,3.0,3.0,2.0,3.0,3.0,4.0
Dhenkanal,Dhenkanal,21-383,2025_09,205,0.0,102133.211,87753.555,1467708.566,0.0,16.728,9.801,11.738,10.893,87.1,8.122,LST_ODISHA_2025_09.tif,4.0,3.0,2.0,4.0,4.0,5.0
Dhenkanal,Dhenkanal,21-383,2025_10,205,0.0,102133.211,87753.555,1467708.566,0.0,44.315,9.801,11.738,10.893,87.1,8.122,LST_ODISHA_2025_10.tif,4.0,3.0,2.0,3.0,4.0,5.0
Dhenkanal,Dhenkanal,21-383,2025_11,205,0.0,102133.211,87753.555,1467708.566,0.0,3.072,9.801,11.738,10.893,87.1,8.122,LST_ODISHA_2025_11.tif,3.0,3.0,2.0,3.0,3.0,5.0
Dhenkanal,Dhenkanal,21-383,2025_12,205,0.0,102133.211,87753.555,1467708.566,0.0,0.0,9.801,11.738,10.893,87.1,8.122,LST_ODISHA_2025_12.tif,3.0,3.0,2.0,3.0,3.0,3.0
Dhenkanal,Dhenkanal,21-383,2026_01,205,0.0,105502.06,88228.595,1483460.234,0.0,0.0,9.801,11.738,10.893,87.1,8.122,LST_ODISHA_2026_01.tif,3.0,3.0,2.0,3.0,3.0,4.0
Dhenkanal,Dhenkanal,21-383,2026_02,205,0.0,105502.06,88228.595,1483460.234,0.0,0.0,9.801,11.738,10.893,87.1,8.122,LST_ODISHA_2026_02.tif,3.0,3.0,2.0,3.0,3.0,4.0
Dhenkanal,Dhenkanal,21-383,2026_03,205,0.0,105502.06,88228.595,1483460.234,0.0,30.607,9.801,11.738,10.893,87.1,8.122,LST_ODISHA_2026_03.tif,4.0,3.0,2.0,3.0,4.0,4.0
Gajapati,Gajapati,21-389,2021_01,164,0.0,39225.255,67790.795,648355.66,0.0,0.0,10.127,15.885,16.335,89.6,5.088,LST_ODISHA_2021_01.tif,3.0,2.0,1.0,3.0,1.0,2.0
Gajapati,Gajapati,21-389,2021_02,164,0.0,39225.255,67790.795,648355.66,0.0,0.048,10.127,15.885,16.335,89.6,5.088,LST_ODISHA_2021_02.tif,3.0,2.0,1.0,3.0,2.0,2.0
Gajapati,Gajapati,21-389,2021_03,164,0.0,39225.255,67790.795,648355.66,0.0,29.368,10.127,15.885,16.335,89.6,5.088,LST_ODISHA_2021_03.tif,3.0,2.0,1.0,3.0,3.0,2.0
Gajapati,Gajapati,21-389,2021_04,164,2899264.49,39225.255,67790.795,648355.66,2899264.49,0.0,10.127,15.885,16.335,89.6,5.088,LST_ODISHA_2021_04.tif,3.0,2.0,1.0,3.0,2.0,1.0
Gajapati,Gajapati,21-389,2021_05,164,0.0,39225.255,67790.795,648355.66,2899264.49,2.62,10.127,15.885,16.335,89.6,5.088,LST_ODISHA_2021_05.tif,3.0,2.0,1.0,3.0,2.0,1.0
Gajapati,Gajapati,21-389,2021_06,164,0.0,39225.255,67790.795,648355.66,2899264.49,0.036,10.127,15.885,16.335,89.6,5.088,LST_ODISHA_2021_06.tif,2.0,2.0,1.0,3.0,2.0,3.0
Gajapati,Gajapati,21-389,2021_07,164,0.0,39225.255,67790.795,648355.66,2899264.49,14.821,10.127,15.885,16.335,89.6,5.088,LST_ODISHA_2021_07.tif,2.0,2.0,1.0,4.0,2.0,3.0
Gajapati,Gajapati,21-389,2021_08,164,0.0,39225.255,67790.795,648355.66,2899264.49,25.306,10.127,15.885,16.335,89.6,5.088,LST_ODISHA_2021_08.tif,4.0,2.0,1.0,3.0,4.0,1.0
Gajapati,Gajapati,21-389,2021_09,164,0.0,39225.255,67790.795,648355.66,2899264.49,3.493,10.127,15.885,16.335,89.6,5.088,LST_ODISHA_2021_09.tif,3.0,2.0,1.0,3.0,3.0,4.0
Gajapati,Gajapati,21-389,2021_10,164,0.0,39225.255,67790.795,648355.66,2899264.49,52.782,10.127,15.885,16.335,89.6,5.088,LST_ODISHA_2021_10.tif,3.0,2.0,1.0,3.0,3.0,1.0
Gajapati,Gajapati,21-389,2021_11,164,0.0,39225.255,67790.795,648355.66,2899264.49,3.243,10.127,15.885,16.335,89.6,5.088,LST_ODISHA_2021_11.tif,4.0,2.0,1.0,3.0,3.0,1.0
Gajapati,Gajapati,21-389,2021_12,164,0.0,39225.255,67790.795,648355.66,2899264.49,0.0,10.127,15.885,16.335,89.6,5.088,LST_ODISHA_2021_12.tif,3.0,2.0,1.0,3.0,2.0,2.0
Gajapati,Gajapati,21-389,2022_01,164,0.0,40825.681,68252.441,655377.868,2899264.49,0.0,10.127,15.885,16.335,89.6,5.088,LST_ODISHA_2022_01.tif,3.0,2.0,1.0,3.0,3.0,2.0
Gajapati,Gajapati,21-389,2022_02,164,0.0,40825.681,68252.441,655377.868,2899264.49,0.0,10.127,15.885,16.335,89.6,5.088,LST_ODISHA_2022_02.tif,3.0,2.0,1.0,3.0,3.0,3.0
Gajapati,Gajapati,21-389,2022_03,164,0.0,40825.681,68252.441,655377.868,2899264.49,34.866,10.127,15.885,16.335,89.6,5.088,LST_ODISHA_2022_03.tif,2.0,2.0,1.0,3.0,2.0,1.0
Gajapati,Gajapati,21-389,2022_04,164,0.0,40825.681,68252.441,655377.868,0.0,3.551,10.127,15.885,16.335,89.6,5.088,LST_ODISHA_2022_04.tif,4.0,2.0,1.0,3.0,3.0,1.0
Gajapati,Gajapati,21-389,2022_05,164,0.0,40825.681,68252.441,655377.868,0.0,2.923,10.127,15.885,16.335,89.6,5.088,LST_ODISHA_2022_05.tif,1.0,2.0,1.0,3.0,2.0,1.0
Gajapati,Gajapati,21-389,2022_06,164,0.0,40825.681,68252.441,655377.868,0.0,16.146,10.127,15.885,16.335,89.6,5.088,LST_ODISHA_2022_06.tif,3.0,2.0,1.0,3.0,3.0,1.0
Gajapati,Gajapati,21-389,2022_07,164,0.0,40825.681,68252.441,655377.868,0.0,10.457,10.127,15.885,16.335,89.6,5.088,LST_ODISHA_2022_07.tif,3.0,2.0,1.0,3.0,3.0,2.0
Gajapati,Gajapati,21-389,2022_08,164,0.0,40825.681,68252.441,655377.868,0.0,18.894,10.127,15.885,16.335,89.6,5.088,LST_ODISHA_2022_08.tif,3.0,2.0,1.0,3.0,3.0,2.0
Gajapati,Gajapati,21-389,2022_09,164,0.0,40825.681,68252.441,655377.868,0.0,9.207,10.127,15.885,16.335,89.6,5.088,LST_ODISHA_2022_09.tif,3.0,2.0,1.0,3.0,3.0,1.0
Gajapati,Gajapati,21-389,2022_10,164,0.0,40825.681,68252.441,655377.868,0.0,24.556,10.127,15.885,16.335,89.6,5.088,LST_ODISHA_2022_10.tif,1.0,2.0,1.0,3.0,2.0,2.0
Gajapati,Gajapati,21-389,2022_11,164,0.0,40825.681,68252.441,655377.868,0.0,0.662,10.127,15.885,16.335,89.6,5.088,LST_ODISHA_2022_11.tif,4.0,2.0,1.0,3.0,3.0,1.0
Gajapati,Gajapati,21-389,2022_12,164,0.0,40825.681,68252.441,655377.868,0.0,0.903,10.127,15.885,16.335,89.6,5.088,LST_ODISHA_2022_12.tif,5.0,2.0,1.0,3.0,4.0,2.0
Gajapati,Gajapati,21-389,2023_01,164,0.0,42426.107,68714.087,662400.077,0.0,0.0,10.127,15.885,16.335,89.6,5.088,LST_ODISHA_2023_01.tif,3.0,2.0,1.0,3.0,3.0,2.0
Gajapati,Gajapati,21-389,2023_02,164,0.0,42426.107,68714.087,662400.077,0.0,0.0,10.127,15.885,16.335,89.6,5.088,LST_ODISHA_2023_02.tif,3.0,2.0,1.0,3.0,2.0,3.0
Gajapati,Gajapati,21-389,2023_03,164,1069331.0,42426.107,68714.087,662400.077,1069331.0,9.705,10.127,15.885,16.335,89.6,5.088,LST_ODISHA_2023_03.tif,2.0,2.0,1.0,3.0,3.0,2.0
Gajapati,Gajapati,21-389,2023_04,164,0.0,42426.107,68714.087,662400.077,0.0,0.0,10.127,15.885,16.335,89.6,5.088,LST_ODISHA_2023_04.tif,3.0,2.0,1.0,3.0,1.0,1.0
Gajapati,Gajapati,21-389,2023_05,164,0.0,42426.107,68714.087,662400.077,0.0,9.808,10.127,15.885,16.335,89.6,5.088,LST_ODISHA_2023_05.tif,3.0,2.0,1.0,3.0,2.0,1.0
Gajapati,Gajapati,21-389,2023_06,164,0.0,42426.107,68714.087,662400.077,0.0,18.753,10.127,15.885,16.335,89.6,5.088,LST_ODISHA_2023_06.tif,2.0,2.0,1.0,3.0,1.0,1.0
Gajapati,Gajapati,21-389,2023_07,164,0.0,42426.107,68714.087,662400.077,0.0,29.022,10.127,15.885,16.335,89.6,5.088,LST_ODISHA_2023_07.tif,2.0,2.0,1.0,3.0,2.0,0.0
Gajapati,Gajapati,21-389,2023_08,164,0.0,42426.107,68714.087,662400.077,0.0,17.084,10.127,15.885,16.335,89.6,5.088,LST_ODISHA_2023_08.tif,3.0,2.0,1.0,3.0,3.0,1.0
Gajapati,Gajapati,21-389,2023_09,164,0.0,42426.107,68714.087,662400.077,0.0,26.477,10.127,15.885,16.335,89.6,5.088,LST_ODISHA_2023_09.tif,2.0,2.0,1.0,3.0,2.0,2.0
Gajapati,Gajapati,21-389,2023_10,164,0.0,42426.107,68714.087,662400.077,0.0,50.695,10.127,15.885,16.335,89.6,5.088,LST_ODISHA_2023_10.tif,5.0,2.0,1.0,3.0,4.0,2.0
Gajapati,Gajapati,21-389,2023_11,164,0.0,42426.107,68714.087,662400.077,0.0,8.287,10.127,15.885,16.335,89.6,5.088,LST_ODISHA_2023_11.tif,4.0,2.0,1.0,3.0,3.0,2.0
Gajapati,Gajapati,21-389,2023_12,164,0.0,42426.107,68714.087,662400.077,0.0,0.0,10.127,15.885,16.335,89.6,5.088,LST_ODISHA_2023_12.tif,3.0,2.0,1.0,3.0,1.0,3.0
Gajapati,Gajapati,21-389,2024_01,164,0.0,44026.533,69175.733,669422.285,0.0,0.0,10.127,15.885,16.335,89.6,5.088,LST_ODISHA_2024_01.tif,3.0,2.0,1.0,3.0,1.0,3.0
Gajapati,Gajapati,21-389,2024_02,164,0.0,44026.533,69175.733,669422.285,0.0,0.19,10.127,15.885,16.335,89.6,5.088,LST_ODISHA_2024_02.tif,3.0,2.0,1.0,3.0,3.0,4.0
Gajapati,Gajapati,21-389,2024_03,164,341189.0,44026.533,69175.733,669422.285,341189.0,29.126,10.127,15.885,16.335,89.6,5.088,LST_ODISHA_2024_03.tif,1.0,2.0,1.0,3.0,2.0,2.0
Gajapati,Gajapati,21-389,2024_04,164,0.0,44026.533,69175.733,669422.285,0.0,9.823,10.127,15.885,16.335,89.6,5.088,LST_ODISHA_2024_04.tif,4.0,2.0,1.0,3.0,3.0,1.0
Gajapati,Gajapati,21-389,2024_05,164,0.0,44026.533,69175.733,669422.285,0.0,35.205,10.127,15.885,16.335,89.6,5.088,LST_ODISHA_2024_05.tif,4.0,2.0,1.0,4.0,4.0,1.0
Gajapati,Gajapati,21-389,2024_06,164,0.0,44026.533,69175.733,669422.285,0.0,21.175,10.127,15.885,16.335,89.6,5.088,LST_ODISHA_2024_06.tif,1.0,2.0,1.0,4.0,2.0,1.0
Gajapati,Gajapati,21-389,2024_07,164,0.0,44026.533,69175.733,669422.285,0.0,15.526,10.127,15.885,16.335,89.6,5.088,LST_ODISHA_2024_07.tif,3.0,2.0,1.0,4.0,3.0,4.0
Gajapati,Gajapati,21-389,2024_08,164,0.0,44026.533,69175.733,669422.285,0.0,10.022,10.127,15.885,16.335,89.6,5.088,LST_ODISHA_2024_08.tif,4.0,2.0,1.0,4.0,3.0,0.0
Gajapati,Gajapati,21-389,2024_09,164,0.0,44026.533,69175.733,669422.285,0.0,14.797,10.127,15.885,16.335,89.6,5.088,LST_ODISHA_2024_09.tif,2.0,2.0,1.0,4.0,2.0,1.0
Gajapati,Gajapati,21-389,2024_10,164,0.0,44026.533,69175.733,669422.285,0.0,70.22,10.127,15.885,16.335,89.6,5.088,LST_ODISHA_2024_10.tif,2.0,2.0,1.0,4.0,2.0,2.0
Gajapati,Gajapati,21-389,2024_11,164,0.0,44026.533,69175.733,669422.285,0.0,3.485,10.127,15.885,16.335,89.6,5.088,LST_ODISHA_2024_11.tif,3.0,2.0,1.0,4.0,3.0,2.0
Gajapati,Gajapati,21-389,2024_12,164,0.0,44026.533,69175.733,669422.285,0.0,0.0,10.127,15.885,16.335,89.6,5.088,LST_ODISHA_2024_12.tif,3.0,2.0,1.0,4.0,2.0,2.0
Gajapati,Gajapati,21-389,2025_01,164,356735.0,45626.959,69637.379,676444.493,356735.0,0.0,10.127,15.885,16.335,89.6,5.088,LST_ODISHA_2025_01.tif,3.0,2.0,1.0,4.0,3.0,2.0
Gajapati,Gajapati,21-389,2025_02,164,998611.0,45626.959,69637.379,676444.493,1355346.0,0.0,10.127,15.885,16.335,89.6,5.088,LST_ODISHA_2025_02.tif,3.0,2.0,1.0,4.0,2.0,2.0
Gajapati,Gajapati,21-389,2025_03,164,0.0,45626.959,69637.379,676444.493,1355346.0,34.421,10.127,15.885,16.335,89.6,5.088,LST_ODISHA_2025_03.tif,1.0,2.0,1.0,4.0,2.0,2.0
Gajapati,Gajapati,21-389,2025_04,164,0.0,45626.959,69637.379,676444.493,0.0,4.511,10.127,15.885,16.335,89.6,5.088,LST_ODISHA_2025_04.tif,3.0,2.0,1.0,3.0,3.0,2.0
Gajapati,Gajapati,21-389,2025_05,164,356237.0,45626.959,69637.379,676444.493,356237.0,3.413,10.127,15.885,16.335,89.6,5.088,LST_ODISHA_2025_05.tif,2.0,2.0,1.0,3.0,2.0,2.0
Gajapati,Gajapati,21-389,2025_06,164,0.0,45626.959,69637.379,676444.493,356237.0,0.886,10.127,15.885,16.335,89.6,5.088,LST_ODISHA_2025_06.tif,2.0,2.0,1.0,3.0,2.0,1.0
Gajapati,Gajapati,21-389,2025_07,164,0.0,45626.959,69637.379,676444.493,356237.0,25.787,10.127,15.885,16.335,89.6,5.088,LST_ODISHA_2025_07.tif,4.0,2.0,1.0,3.0,4.0,2.0
Gajapati,Gajapati,21-389,2025_08,164,0.0,45626.959,69637.379,676444.493,356237.0,23.635,10.127,15.885,16.335,89.6,5.088,LST_ODISHA_2025_08.tif,3.0,2.0,1.0,3.0,3.0,3.0
Gajapati,Gajapati,21-389,2025_09,164,0.0,45626.959,69637.379,676444.493,356237.0,7.093,10.127,15.885,16.335,89.6,5.088,LST_ODISHA_2025_09.tif,2.0,2.0,1.0,4.0,2.0,2.0
Gajapati,Gajapati,21-389,2025_10,164,0.0,45626.959,69637.379,676444.493,356237.0,42.491,10.127,15.885,16.335,89.6,5.088,LST_ODISHA_2025_10.tif,4.0,2.0,1.0,3.0,4.0,1.0
Gajapati,Gajapati,21-389,2025_11,164,0.0,45626.959,69637.379,676444.493,356237.0,4.228,10.127,15.885,16.335,89.6,5.088,LST_ODISHA_2025_11.tif,4.0,2.0,1.0,3.0,4.0,2.0
Gajapati,Gajapati,21-389,2025_12,164,0.0,45626.959,69637.379,676444.493,356237.0,0.0,10.127,15.885,16.335,89.6,5.088,LST_ODISHA_2025_12.tif,3.0,2.0,1.0,3.0,3.0,2.0
Gajapati,Gajapati,21-389,2026_01,164,0.0,47227.385,70099.025,683466.701,356237.0,0.0,10.127,15.885,16.335,89.6,5.088,LST_ODISHA_2026_01.tif,3.0,2.0,1.0,3.0,3.0,3.0
Gajapati,Gajapati,21-389,2026_02,164,0.0,47227.385,70099.025,683466.701,356237.0,0.0,10.127,15.885,16.335,89.6,5.088,LST_ODISHA_2026_02.tif,3.0,2.0,1.0,3.0,3.0,1.0
Gajapati,Gajapati,21-389,2026_03,164,0.0,47227.385,70099.025,683466.701,356237.0,17.986,10.127,15.885,16.335,89.6,5.088,LST_ODISHA_2026_03.tif,1.0,2.0,1.0,3.0,2.0,2.0
Ganjam,Ganjam,21-388,2021_01,548,0.0,281969.175,282812.61,3958007.777,0.0,0.0,10.934,23.32,16.366,82.1,8.98,LST_ODISHA_2021_01.tif,3.0,4.0,1.0,3.0,2.0,5.0
Ganjam,Ganjam,21-388,2021_02,548,0.0,281969.175,282812.61,3958007.777,0.0,0.067,10.934,23.32,16.366,82.1,8.98,LST_ODISHA_2021_02.tif,3.0,4.0,1.0,3.0,2.0,4.0
Ganjam,Ganjam,21-388,2021_03,548,0.0,281969.175,282812.61,3958007.777,0.0,28.871,10.934,23.32,16.366,82.1,8.98,LST_ODISHA_2021_03.tif,2.0,4.0,1.0,3.0,2.0,3.0
Ganjam,Ganjam,21-388,2021_04,548,20327753.0,281969.175,282812.61,3958007.777,20327753.0,0.0,10.934,23.32,16.366,82.1,8.98,LST_ODISHA_2021_04.tif,3.0,4.0,1.0,3.0,2.0,3.0
Ganjam,Ganjam,21-388,2021_05,548,7055675.19,281969.175,282812.61,3958007.777,27383428.19,5.027,10.934,23.32,16.366,82.1,8.98,LST_ODISHA_2021_05.tif,5.0,4.0,1.0,3.0,4.0,3.0
Ganjam,Ganjam,21-388,2021_06,548,16197725.77,281969.175,282812.61,3958007.777,43581153.96,0.61,10.934,23.32,16.366,82.1,8.98,LST_ODISHA_2021_06.tif,2.0,4.0,1.0,3.0,2.0,3.0
Ganjam,Ganjam,21-388,2021_07,548,5472237.0,281969.175,282812.61,3958007.777,49053390.96,13.341,10.934,23.32,16.366,82.1,8.98,LST_ODISHA_2021_07.tif,2.0,4.0,1.0,3.0,2.0,3.0
Ganjam,Ganjam,21-388,2021_08,548,0.0,281969.175,282812.61,3958007.777,49053390.96,25.845,10.934,23.32,16.366,82.1,8.98,LST_ODISHA_2021_08.tif,5.0,4.0,1.0,3.0,4.0,5.0
Ganjam,Ganjam,21-388,2021_09,548,3168383.0,281969.175,282812.61,3958007.777,52221773.96,3.551,10.934,23.32,16.366,82.1,8.98,LST_ODISHA_2021_09.tif,3.0,4.0,1.0,3.0,3.0,2.0
Ganjam,Ganjam,21-388,2021_10,548,3776707.0,281969.175,282812.61,3958007.777,55998480.96,52.261,10.934,23.32,16.366,82.1,8.98,LST_ODISHA_2021_10.tif,3.0,4.0,1.0,3.0,3.0,3.0
Ganjam,Ganjam,21-388,2021_11,548,0.0,281969.175,282812.61,3958007.777,55998480.96,2.893,10.934,23.32,16.366,82.1,8.98,LST_ODISHA_2021_11.tif,3.0,4.0,1.0,3.0,3.0,2.0
Ganjam,Ganjam,21-388,2021_12,548,0.0,281969.175,282812.61,3958007.777,55998480.96,0.0,10.934,23.32,16.366,82.1,8.98,LST_ODISHA_2021_12.tif,3.0,4.0,1.0,3.0,2.0,3.0
Ganjam,Ganjam,21-388,2022_01,548,0.0,292041.512,283624.729,4000679.776,55998480.96,0.0,10.934,23.32,16.366,82.1,8.98,LST_ODISHA_2022_01.tif,3.0,4.0,1.0,3.0,3.0,4.0
Ganjam,Ganjam,21-388,2022_02,548,0.0,292041.512,283624.729,4000679.776,55998480.96,0.0,10.934,23.32,16.366,82.1,8.98,LST_ODISHA_2022_02.tif,3.0,4.0,1.0,3.0,3.0,4.0
Ganjam,Ganjam,21-388,2022_03,548,0.0,292041.512,283624.729,4000679.776,55998480.96,34.572,10.934,23.32,16.366,82.1,8.98,LST_ODISHA_2022_03.tif,2.0,4.0,1.0,3.0,2.0,2.0
Ganjam,Ganjam,21-388,2022_04,548,0.0,292041.512,283624.729,4000679.776,0.0,3.571,10.934,23.32,16.366,82.1,8.98,LST_ODISHA_2022_04.tif,4.0,4.0,1.0,3.0,3.0,2.0
Ganjam,Ganjam,21-388,2022_05,548,0.0,292041.512,283624.729,4000679.776,0.0,3.941,10.934,23.32,16.366,82.1,8.98,LST_ODISHA_2022_05.tif,2.0,4.0,1.0,3.0,2.0,2.0
Ganjam,Ganjam,21-388,2022_06,548,0.0,292041.512,283624.729,4000679.776,0.0,18.319,10.934,23.32,16.366,82.1,8.98,LST_ODISHA_2022_06.tif,3.0,4.0,1.0,3.0,3.0,1.0
Ganjam,Ganjam,21-388,2022_07,548,0.0,292041.512,283624.729,4000679.776,0.0,8.579,10.934,23.32,16.366,82.1,8.98,LST_ODISHA_2022_07.tif,2.0,4.0,1.0,3.0,2.0,2.0
Ganjam,Ganjam,21-388,2022_08,548,0.0,292041.512,283624.729,4000679.776,0.0,17.692,10.934,23.32,16.366,82.1,8.98,LST_ODISHA_2022_08.tif,2.0,4.0,1.0,3.0,2.0,3.0
Ganjam,Ganjam,21-388,2022_09,548,0.0,292041.512,283624.729,4000679.776,0.0,7.885,10.934,23.32,16.366,82.1,8.98,LST_ODISHA_2022_09.tif,2.0,4.0,1.0,3.0,2.0,5.0
Ganjam,Ganjam,21-388,2022_10,548,0.0,292041.512,283624.729,4000679.776,0.0,24.179,10.934,23.32,16.366,82.1,8.98,LST_ODISHA_2022_10.tif,1.0,4.0,1.0,3.0,2.0,4.0
Ganjam,Ganjam,21-388,2022_11,548,0.0,292041.512,283624.729,4000679.776,0.0,0.214,10.934,23.32,16.366,82.1,8.98,LST_ODISHA_2022_11.tif,3.0,4.0,1.0,3.0,2.0,3.0
Ganjam,Ganjam,21-388,2022_12,548,0.0,292041.512,283624.729,4000679.776,0.0,0.123,10.934,23.32,16.366,82.1,8.98,LST_ODISHA_2022_12.tif,3.0,4.0,1.0,3.0,2.0,4.0
Ganjam,Ganjam,21-388,2023_01,548,2871205.81,302113.849,284436.848,4043351.774,2871205.81,0.0,10.934,23.32,16.366,82.1,8.98,LST_ODISHA_2023_01.tif,3.0,4.0,1.0,3.0,3.0,4.0
Ganjam,Ganjam,21-388,2023_02,548,0.0,302113.849,284436.848,4043351.774,2871205.81,0.0,10.934,23.32,16.366,82.1,8.98,LST_ODISHA_2023_02.tif,3.0,4.0,1.0,3.0,2.0,5.0
Ganjam,Ganjam,21-388,2023_03,548,0.0,302113.849,284436.848,4043351.774,2871205.81,13.419,10.934,23.32,16.366,82.1,8.98,LST_ODISHA_2023_03.tif,4.0,4.0,1.0,3.0,4.0,4.0
Ganjam,Ganjam,21-388,2023_04,548,0.0,302113.849,284436.848,4043351.774,0.0,0.288,10.934,23.32,16.366,82.1,8.98,LST_ODISHA_2023_04.tif,3.0,4.0,1.0,3.0,1.0,2.0
Ganjam,Ganjam,21-388,2023_05,548,0.0,302113.849,284436.848,4043351.774,0.0,11.702,10.934,23.32,16.366,82.1,8.98,LST_ODISHA_2023_05.tif,4.0,4.0,1.0,3.0,3.0,3.0
Ganjam,Ganjam,21-388,2023_06,548,0.0,302113.849,284436.848,4043351.774,0.0,26.996,10.934,23.32,16.366,82.1,8.98,LST_ODISHA_2023_06.tif,4.0,4.0,1.0,3.0,3.0,3.0
Ganjam,Ganjam,21-388,2023_07,548,0.0,302113.849,284436.848,4043351.774,0.0,32.918,10.934,23.32,16.366,82.1,8.98,LST_ODISHA_2023_07.tif,3.0,4.0,1.0,3.0,3.0,1.0
Ganjam,Ganjam,21-388,2023_08,548,0.0,302113.849,284436.848,4043351.774,0.0,19.493,10.934,23.32,16.366,82.1,8.98,LST_ODISHA_2023_08.tif,3.0,4.0,1.0,3.0,3.0,2.0
Ganjam,Ganjam,21-388,2023_09,548,0.0,302113.849,284436.848,4043351.774,0.0,25.026,10.934,23.32,16.366,82.1,8.98,LST_ODISHA_2023_09.tif,2.0,4.0,1.0,3.0,2.0,4.0
Ganjam,Ganjam,21-388,2023_10,548,0.0,302113.849,284436.848,4043351.774,0.0,51.439,10.934,23.32,16.366,82.1,8.98,LST_ODISHA_2023_10.tif,5.0,4.0,1.0,3.0,4.0,5.0
Ganjam,Ganjam,21-388,2023_11,548,0.0,302113.849,284436.848,4043351.774,0.0,7.101,10.934,23.32,16.366,82.1,8.98,LST_ODISHA_2023_11.tif,4.0,4.0,1.0,3.0,3.0,4.0
Ganjam,Ganjam,21-388,2023_12,548,0.0,302113.849,284436.848,4043351.774,0.0,0.0,10.934,23.32,16.366,82.1,8.98,LST_ODISHA_2023_12.tif,3.0,4.0,1.0,3.0,1.0,5.0
Ganjam,Ganjam,21-388,2024_01,548,0.0,312186.186,285248.967,4086023.773,0.0,0.0,10.934,23.32,16.366,82.1,8.98,LST_ODISHA_2024_01.tif,3.0,4.0,1.0,3.0,2.0,5.0
Ganjam,Ganjam,21-388,2024_02,548,0.0,312186.186,285248.967,4086023.773,0.0,0.11,10.934,23.32,16.366,82.1,8.98,LST_ODISHA_2024_02.tif,2.0,4.0,1.0,3.0,2.0,5.0
Ganjam,Ganjam,21-388,2024_03,548,0.0,312186.186,285248.967,4086023.773,0.0,38.097,10.934,23.32,16.366,82.1,8.98,LST_ODISHA_2024_03.tif,3.0,4.0,1.0,3.0,3.0,3.0
Ganjam,Ganjam,21-388,2024_04,548,0.0,312186.186,285248.967,4086023.773,0.0,8.772,10.934,23.32,16.366,82.1,8.98,LST_ODISHA_2024_04.tif,3.0,4.0,1.0,3.0,3.0,2.0
Ganjam,Ganjam,21-388,2024_05,548,906898.84,312186.186,285248.967,4086023.773,906898.84,34.959,10.934,23.32,16.366,82.1,8.98,LST_ODISHA_2024_05.tif,4.0,4.0,1.0,4.0,4.0,3.0
Ganjam,Ganjam,21-388,2024_06,548,499440.0,312186.186,285248.967,4086023.773,1406338.84,30.45,10.934,23.32,16.366,82.1,8.98,LST_ODISHA_2024_06.tif,2.0,4.0,1.0,4.0,2.0,3.0
Ganjam,Ganjam,21-388,2024_07,548,0.0,312186.186,285248.967,4086023.773,1406338.84,19.712,10.934,23.32,16.366,82.1,8.98,LST_ODISHA_2024_07.tif,3.0,4.0,1.0,4.0,3.0,3.0
Ganjam,Ganjam,21-388,2024_08,548,0.0,312186.186,285248.967,4086023.773,1406338.84,11.858,10.934,23.32,16.366,82.1,8.98,LST_ODISHA_2024_08.tif,4.0,4.0,1.0,4.0,3.0,2.0
Ganjam,Ganjam,21-388,2024_09,548,1151897.0,312186.186,285248.967,4086023.773,2558235.84,14.023,10.934,23.32,16.366,82.1,8.98,LST_ODISHA_2024_09.tif,2.0,4.0,1.0,4.0,2.0,4.0
Ganjam,Ganjam,21-388,2024_10,548,0.0,312186.186,285248.967,4086023.773,2558235.84,70.681,10.934,23.32,16.366,82.1,8.98,LST_ODISHA_2024_10.tif,3.0,4.0,1.0,4.0,3.0,4.0
Ganjam,Ganjam,21-388,2024_11,548,0.0,312186.186,285248.967,4086023.773,2558235.84,3.85,10.934,23.32,16.366,82.1,8.98,LST_ODISHA_2024_11.tif,4.0,4.0,1.0,4.0,3.0,4.0
Ganjam,Ganjam,21-388,2024_12,548,0.0,312186.186,285248.967,4086023.773,2558235.84,0.0,10.934,23.32,16.366,82.1,8.98,LST_ODISHA_2024_12.tif,3.0,4.0,1.0,4.0,2.0,4.0
Ganjam,Ganjam,21-388,2025_01,548,0.0,322258.523,286061.086,4128695.771,2558235.84,0.0,10.934,23.32,16.366,82.1,8.98,LST_ODISHA_2025_01.tif,3.0,4.0,1.0,4.0,3.0,4.0
Ganjam,Ganjam,21-388,2025_02,548,0.0,322258.523,286061.086,4128695.771,2558235.84,0.137,10.934,23.32,16.366,82.1,8.98,LST_ODISHA_2025_02.tif,4.0,4.0,1.0,4.0,3.0,4.0
Ganjam,Ganjam,21-388,2025_03,548,0.0,322258.523,286061.086,4128695.771,2558235.84,35.252,10.934,23.32,16.366,82.1,8.98,LST_ODISHA_2025_03.tif,2.0,4.0,1.0,4.0,2.0,3.0
Ganjam,Ganjam,21-388,2025_04,548,0.0,322258.523,286061.086,4128695.771,0.0,7.043,10.934,23.32,16.366,82.1,8.98,LST_ODISHA_2025_04.tif,4.0,4.0,1.0,3.0,3.0,2.0
Ganjam,Ganjam,21-388,2025_05,548,0.0,322258.523,286061.086,4128695.771,0.0,4.555,10.934,23.32,16.366,82.1,8.98,LST_ODISHA_2025_05.tif,2.0,4.0,1.0,3.0,2.0,3.0
Ganjam,Ganjam,21-388,2025_06,548,0.0,322258.523,286061.086,4128695.771,0.0,2.219,10.934,23.32,16.366,82.1,8.98,LST_ODISHA_2025_06.tif,3.0,4.0,1.0,3.0,3.0,1.0
Ganjam,Ganjam,21-388,2025_07,548,0.0,322258.523,286061.086,4128695.771,0.0,22.413,10.934,23.32,16.366,82.1,8.98,LST_ODISHA_2025_07.tif,3.0,4.0,1.0,3.0,3.0,3.0
Ganjam,Ganjam,21-388,2025_08,548,0.0,322258.523,286061.086,4128695.771,0.0,25.681,10.934,23.32,16.366,82.1,8.98,LST_ODISHA_2025_08.tif,4.0,4.0,1.0,3.0,4.0,4.0
Ganjam,Ganjam,21-388,2025_09,548,2037675.29,322258.523,286061.086,4128695.771,2037675.29,6.771,10.934,23.32,16.366,82.1,8.98,LST_ODISHA_2025_09.tif,2.0,4.0,1.0,3.0,2.0,5.0
Ganjam,Ganjam,21-388,2025_10,548,24989705.52,322258.523,286061.086,4128695.771,27027380.81,44.234,10.934,23.32,16.366,82.1,8.98,LST_ODISHA_2025_10.tif,4.0,4.0,1.0,3.0,4.0,3.0
Ganjam,Ganjam,21-388,2025_11,548,0.0,322258.523,286061.086,4128695.771,27027380.81,4.167,10.934,23.32,16.366,82.1,8.98,LST_ODISHA_2025_11.tif,4.0,4.0,1.0,3.0,4.0,4.0
Ganjam,Ganjam,21-388,2025_12,548,0.0,322258.523,286061.086,4128695.771,27027380.81,0.0,10.934,23.32,16.366,82.1,8.98,LST_ODISHA_2025_12.tif,3.0,4.0,1.0,3.0,3.0,4.0
Ganjam,Ganjam,21-388,2026_01,548,0.0,332330.86,286873.205,4171367.77,27027380.81,0.0,10.934,23.32,16.366,82.1,8.98,LST_ODISHA_2026_01.tif,3.0,4.0,1.0,3.0,3.0,5.0
Ganjam,Ganjam,21-388,2026_02,548,0.0,332330.86,286873.205,4171367.77,27027380.81,0.0,10.934,23.32,16.366,82.1,8.98,LST_ODISHA_2026_02.tif,3.0,4.0,1.0,3.0,3.0,4.0
Ganjam,Ganjam,21-388,2026_03,548,0.0,332330.86,286873.205,4171367.77,27027380.81,23.801,10.934,23.32,16.366,82.1,8.98,LST_ODISHA_2026_03.tif,2.0,4.0,1.0,3.0,2.0,4.0
Jagatsinghapur,Jagatsinghapur,21-380,2021_01,225,0.0,104389.08,65760.26,1277301.559,0.0,0.0,10.261,15.756,17.939,78.3,8.782,LST_ODISHA_2021_01.tif,3.0,3.0,1.0,3.0,1.0,5.0
Jagatsinghapur,Jagatsinghapur,21-380,2021_02,225,0.0,104389.08,65760.26,1277301.559,0.0,0.385,10.261,15.756,17.939,78.3,8.782,LST_ODISHA_2021_02.tif,3.0,3.0,1.0,3.0,2.0,5.0
Jagatsinghapur,Jagatsinghapur,21-380,2021_03,225,1273160.0,104389.08,65760.26,1277301.559,1273160.0,33.135,10.261,15.756,17.939,78.3,8.782,LST_ODISHA_2021_03.tif,3.0,3.0,1.0,3.0,3.0,4.0
Jagatsinghapur,Jagatsinghapur,21-380,2021_04,225,4000803.0,104389.08,65760.26,1277301.559,4000803.0,0.0,10.261,15.756,17.939,78.3,8.782,LST_ODISHA_2021_04.tif,3.0,3.0,1.0,3.0,2.0,3.0
Jagatsinghapur,Jagatsinghapur,21-380,2021_05,225,4466554.0,104389.08,65760.26,1277301.559,8467357.0,1.135,10.261,15.756,17.939,78.3,8.782,LST_ODISHA_2021_05.tif,2.0,3.0,1.0,3.0,2.0,3.0
Jagatsinghapur,Jagatsinghapur,21-380,2021_06,225,0.0,104389.08,65760.26,1277301.559,8467357.0,3.083,10.261,15.756,17.939,78.3,8.782,LST_ODISHA_2021_06.tif,4.0,3.0,1.0,3.0,3.0,1.0
Jagatsinghapur,Jagatsinghapur,21-380,2021_07,225,0.0,104389.08,65760.26,1277301.559,8467357.0,17.906,10.261,15.756,17.939,78.3,8.782,LST_ODISHA_2021_07.tif,3.0,3.0,1.0,3.0,3.0,0.0
Jagatsinghapur,Jagatsinghapur,21-380,2021_08,225,0.0,104389.08,65760.26,1277301.559,8467357.0,24.615,10.261,15.756,17.939,78.3,8.782,LST_ODISHA_2021_08.tif,4.0,3.0,1.0,3.0,4.0,0.0
Jagatsinghapur,Jagatsinghapur,21-380,2021_09,225,0.0,104389.08,65760.26,1277301.559,8467357.0,2.49,10.261,15.756,17.939,78.3,8.782,LST_ODISHA_2021_09.tif,3.0,3.0,1.0,3.0,3.0,2.0
Jagatsinghapur,Jagatsinghapur,21-380,2021_10,225,0.0,104389.08,65760.26,1277301.559,8467357.0,48.292,10.261,15.756,17.939,78.3,8.782,LST_ODISHA_2021_10.tif,2.0,3.0,1.0,3.0,2.0,4.0
Jagatsinghapur,Jagatsinghapur,21-380,2021_11,225,0.0,104389.08,65760.26,1277301.559,8467357.0,1.76,10.261,15.756,17.939,78.3,8.782,LST_ODISHA_2021_11.tif,3.0,3.0,1.0,3.0,3.0,3.0
Jagatsinghapur,Jagatsinghapur,21-380,2021_12,225,0.0,104389.08,65760.26,1277301.559,8467357.0,0.0,10.261,15.756,17.939,78.3,8.782,LST_ODISHA_2021_12.tif,3.0,3.0,1.0,3.0,2.0,3.0
Jagatsinghapur,Jagatsinghapur,21-380,2022_01,225,0.0,107500.8,65573.841,1286509.369,8467357.0,0.0,10.261,15.756,17.939,78.3,8.782,LST_ODISHA_2022_01.tif,3.0,3.0,1.0,3.0,3.0,4.0
Jagatsinghapur,Jagatsinghapur,21-380,2022_02,225,0.0,107500.8,65573.841,1286509.369,8467357.0,0.0,10.261,15.756,17.939,78.3,8.782,LST_ODISHA_2022_02.tif,3.0,3.0,1.0,3.0,3.0,4.0
Jagatsinghapur,Jagatsinghapur,21-380,2022_03,225,8.94,107500.8,65573.841,1286509.369,8467365.94,35.604,10.261,15.756,17.939,78.3,8.782,LST_ODISHA_2022_03.tif,2.0,3.0,1.0,3.0,2.0,2.0
Jagatsinghapur,Jagatsinghapur,21-380,2022_04,225,0.0,107500.8,65573.841,1286509.369,0.0,5.625,10.261,15.756,17.939,78.3,8.782,LST_ODISHA_2022_04.tif,5.0,3.0,1.0,3.0,4.0,1.0
Jagatsinghapur,Jagatsinghapur,21-380,2022_05,225,0.0,107500.8,65573.841,1286509.369,0.0,4.896,10.261,15.756,17.939,78.3,8.782,LST_ODISHA_2022_05.tif,2.0,3.0,1.0,3.0,2.0,3.0
Jagatsinghapur,Jagatsinghapur,21-380,2022_06,225,0.0,107500.8,65573.841,1286509.369,0.0,10.229,10.261,15.756,17.939,78.3,8.782,LST_ODISHA_2022_06.tif,2.0,3.0,1.0,3.0,2.0,2.0
Jagatsinghapur,Jagatsinghapur,21-380,2022_07,225,0.0,107500.8,65573.841,1286509.369,0.0,7.052,10.261,15.756,17.939,78.3,8.782,LST_ODISHA_2022_07.tif,1.0,3.0,1.0,3.0,2.0,0.0
Jagatsinghapur,Jagatsinghapur,21-380,2022_08,225,0.0,107500.8,65573.841,1286509.369,0.0,24.188,10.261,15.756,17.939,78.3,8.782,LST_ODISHA_2022_08.tif,4.0,3.0,1.0,3.0,4.0,4.0
Jagatsinghapur,Jagatsinghapur,21-380,2022_09,225,0.0,107500.8,65573.841,1286509.369,0.0,9.552,10.261,15.756,17.939,78.3,8.782,LST_ODISHA_2022_09.tif,3.0,3.0,1.0,3.0,3.0,1.0
Jagatsinghapur,Jagatsinghapur,21-380,2022_10,225,0.0,107500.8,65573.841,1286509.369,0.0,29.667,10.261,15.756,17.939,78.3,8.782,LST_ODISHA_2022_10.tif,3.0,3.0,1.0,3.0,3.0,2.0
Jagatsinghapur,Jagatsinghapur,21-380,2022_11,225,0.0,107500.8,65573.841,1286509.369,0.0,0.0,10.261,15.756,17.939,78.3,8.782,LST_ODISHA_2022_11.tif,3.0,3.0,1.0,3.0,2.0,4.0
Jagatsinghapur,Jagatsinghapur,21-380,2022_12,225,0.0,107500.8,65573.841,1286509.369,0.0,0.0,10.261,15.756,17.939,78.3,8.782,LST_ODISHA_2022_12.tif,3.0,3.0,1.0,3.0,2.0,4.0
Jagatsinghapur,Jagatsinghapur,21-380,2023_01,225,0.0,110612.52,65387.422,1295717.179,0.0,0.0,10.261,15.756,17.939,78.3,8.782,LST_ODISHA_2023_01.tif,3.0,3.0,1.0,3.0,3.0,5.0
Jagatsinghapur,Jagatsinghapur,21-380,2023_02,225,0.0,110612.52,65387.422,1295717.179,0.0,0.229,10.261,15.756,17.939,78.3,8.782,LST_ODISHA_2023_02.tif,5.0,3.0,1.0,3.0,4.0,5.0
Jagatsinghapur,Jagatsinghapur,21-380,2023_03,225,0.0,110612.52,65387.422,1295717.179,0.0,16.219,10.261,15.756,17.939,78.3,8.782,LST_ODISHA_2023_03.tif,4.0,3.0,1.0,3.0,4.0,3.0
Jagatsinghapur,Jagatsinghapur,21-380,2023_04,225,0.0,110612.52,65387.422,1295717.179,0.0,5.719,10.261,15.756,17.939,78.3,8.782,LST_ODISHA_2023_04.tif,5.0,3.0,1.0,3.0,4.0,2.0
Jagatsinghapur,Jagatsinghapur,21-380,2023_05,225,0.0,110612.52,65387.422,1295717.179,0.0,18.312,10.261,15.756,17.939,78.3,8.782,LST_ODISHA_2023_05.tif,5.0,3.0,1.0,3.0,4.0,3.0
Jagatsinghapur,Jagatsinghapur,21-380,2023_06,225,0.0,110612.52,65387.422,1295717.179,0.0,33.583,10.261,15.756,17.939,78.3,8.782,LST_ODISHA_2023_06.tif,5.0,3.0,1.0,3.0,4.0,4.0
Jagatsinghapur,Jagatsinghapur,21-380,2023_07,225,0.0,110612.52,65387.422,1295717.179,0.0,38.812,10.261,15.756,17.939,78.3,8.782,LST_ODISHA_2023_07.tif,4.0,3.0,1.0,3.0,3.0,0.0
Jagatsinghapur,Jagatsinghapur,21-380,2023_08,225,0.0,110612.52,65387.422,1295717.179,0.0,25.083,10.261,15.756,17.939,78.3,8.782,LST_ODISHA_2023_08.tif,5.0,3.0,1.0,3.0,4.0,0.0
Jagatsinghapur,Jagatsinghapur,21-380,2023_09,225,0.0,110612.52,65387.422,1295717.179,0.0,24.573,10.261,15.756,17.939,78.3,8.782,LST_ODISHA_2023_09.tif,2.0,3.0,1.0,3.0,2.0,4.0
Jagatsinghapur,Jagatsinghapur,21-380,2023_10,225,0.0,110612.52,65387.422,1295717.179,0.0,46.052,10.261,15.756,17.939,78.3,8.782,LST_ODISHA_2023_10.tif,4.0,3.0,1.0,3.0,3.0,5.0
Jagatsinghapur,Jagatsinghapur,21-380,2023_11,225,0.0,110612.52,65387.422,1295717.179,0.0,4.031,10.261,15.756,17.939,78.3,8.782,LST_ODISHA_2023_11.tif,2.0,3.0,1.0,3.0,1.0,3.0
Jagatsinghapur,Jagatsinghapur,21-380,2023_12,225,0.0,110612.52,65387.422,1295717.179,0.0,0.0,10.261,15.756,17.939,78.3,8.782,LST_ODISHA_2023_12.tif,3.0,3.0,1.0,3.0,1.0,4.0
Jagatsinghapur,Jagatsinghapur,21-380,2024_01,225,0.0,113724.24,65201.003,1304924.989,0.0,0.0,10.261,15.756,17.939,78.3,8.782,LST_ODISHA_2024_01.tif,3.0,3.0,1.0,3.0,1.0,3.0
Jagatsinghapur,Jagatsinghapur,21-380,2024_02,225,0.0,113724.24,65201.003,1304924.989,0.0,0.417,10.261,15.756,17.939,78.3,8.782,LST_ODISHA_2024_02.tif,3.0,3.0,1.0,3.0,3.0,5.0
Jagatsinghapur,Jagatsinghapur,21-380,2024_03,225,658500.0,113724.24,65201.003,1304924.989,658500.0,41.854,10.261,15.756,17.939,78.3,8.782,LST_ODISHA_2024_03.tif,4.0,3.0,1.0,3.0,4.0,3.0
Jagatsinghapur,Jagatsinghapur,21-380,2024_04,225,997951.0,113724.24,65201.003,1304924.989,997951.0,20.781,10.261,15.756,17.939,78.3,8.782,LST_ODISHA_2024_04.tif,5.0,3.0,1.0,3.0,4.0,3.0
Jagatsinghapur,Jagatsinghapur,21-380,2024_05,225,0.0,113724.24,65201.003,1304924.989,997951.0,29.99,10.261,15.756,17.939,78.3,8.782,LST_ODISHA_2024_05.tif,3.0,3.0,1.0,4.0,3.0,4.0
Jagatsinghapur,Jagatsinghapur,21-380,2024_06,225,3423877.0,113724.24,65201.003,1304924.989,4421828.0,33.823,10.261,15.756,17.939,78.3,8.782,LST_ODISHA_2024_06.tif,3.0,3.0,1.0,3.0,3.0,1.0
Jagatsinghapur,Jagatsinghapur,21-380,2024_07,225,0.0,113724.24,65201.003,1304924.989,4421828.0,22.25,10.261,15.756,17.939,78.3,8.782,LST_ODISHA_2024_07.tif,3.0,3.0,1.0,3.0,3.0,0.0
Jagatsinghapur,Jagatsinghapur,21-380,2024_08,225,0.0,113724.24,65201.003,1304924.989,4421828.0,7.302,10.261,15.756,17.939,78.3,8.782,LST_ODISHA_2024_08.tif,3.0,3.0,1.0,4.0,3.0,4.0
Jagatsinghapur,Jagatsinghapur,21-380,2024_09,225,0.0,113724.24,65201.003,1304924.989,4421828.0,20.0,10.261,15.756,17.939,78.3,8.782,LST_ODISHA_2024_09.tif,3.0,3.0,1.0,4.0,3.0,4.0
Jagatsinghapur,Jagatsinghapur,21-380,2024_10,225,0.0,113724.24,65201.003,1304924.989,4421828.0,68.531,10.261,15.756,17.939,78.3,8.782,LST_ODISHA_2024_10.tif,2.0,3.0,1.0,4.0,2.0,4.0
Jagatsinghapur,Jagatsinghapur,21-380,2024_11,225,3362862.0,113724.24,65201.003,1304924.989,7784690.0,4.385,10.261,15.756,17.939,78.3,8.782,LST_ODISHA_2024_11.tif,4.0,3.0,1.0,4.0,3.0,4.0
Jagatsinghapur,Jagatsinghapur,21-380,2024_12,225,0.0,113724.24,65201.003,1304924.989,7784690.0,0.0,10.261,15.756,17.939,78.3,8.782,LST_ODISHA_2024_12.tif,3.0,3.0,1.0,4.0,2.0,4.0
Jagatsinghapur,Jagatsinghapur,21-380,2025_01,225,0.0,116835.96,65014.584,1314132.799,7784690.0,0.0,10.261,15.756,17.939,78.3,8.782,LST_ODISHA_2025_01.tif,3.0,3.0,1.0,4.0,3.0,5.0
Jagatsinghapur,Jagatsinghapur,21-380,2025_02,225,0.0,116835.96,65014.584,1314132.799,7784690.0,0.0,10.261,15.756,17.939,78.3,8.782,LST_ODISHA_2025_02.tif,3.0,3.0,1.0,4.0,2.0,3.0
Jagatsinghapur,Jagatsinghapur,21-380,2025_03,225,0.0,116835.96,65014.584,1314132.799,7784690.0,40.333,10.261,15.756,17.939,78.3,8.782,LST_ODISHA_2025_03.tif,3.0,3.0,1.0,4.0,3.0,2.0
Jagatsinghapur,Jagatsinghapur,21-380,2025_04,225,0.0,116835.96,65014.584,1314132.799,0.0,4.656,10.261,15.756,17.939,78.3,8.782,LST_ODISHA_2025_04.tif,3.0,3.0,1.0,3.0,3.0,2.0
Jagatsinghapur,Jagatsinghapur,21-380,2025_05,225,0.0,116835.96,65014.584,1314132.799,0.0,1.01,10.261,15.756,17.939,78.3,8.782,LST_ODISHA_2025_05.tif,2.0,3.0,1.0,3.0,2.0,4.0
Jagatsinghapur,Jagatsinghapur,21-380,2025_06,225,0.0,116835.96,65014.584,1314132.799,0.0,4.01,10.261,15.756,17.939,78.3,8.782,LST_ODISHA_2025_06.tif,4.0,3.0,1.0,3.0,3.0,0.0
Jagatsinghapur,Jagatsinghapur,21-380,2025_07,225,357273.0,116835.96,65014.584,1314132.799,357273.0,17.917,10.261,15.756,17.939,78.3,8.782,LST_ODISHA_2025_07.tif,2.0,3.0,1.0,3.0,2.0,0.0
Jagatsinghapur,Jagatsinghapur,21-380,2025_08,225,0.0,116835.96,65014.584,1314132.799,357273.0,18.542,10.261,15.756,17.939,78.3,8.782,LST_ODISHA_2025_08.tif,1.0,3.0,1.0,3.0,2.0,3.0
Jagatsinghapur,Jagatsinghapur,21-380,2025_09,225,0.0,116835.96,65014.584,1314132.799,357273.0,7.375,10.261,15.756,17.939,78.3,8.782,LST_ODISHA_2025_09.tif,2.0,3.0,1.0,4.0,2.0,4.0
Jagatsinghapur,Jagatsinghapur,21-380,2025_10,225,0.0,116835.96,65014.584,1314132.799,357273.0,41.062,10.261,15.756,17.939,78.3,8.782,LST_ODISHA_2025_10.tif,3.0,3.0,1.0,3.0,3.0,4.0
Jagatsinghapur,Jagatsinghapur,21-380,2025_11,225,0.0,116835.96,65014.584,1314132.799,357273.0,3.417,10.261,15.756,17.939,78.3,8.782,LST_ODISHA_2025_11.tif,4.0,3.0,1.0,3.0,4.0,5.0
Jagatsinghapur,Jagatsinghapur,21-380,2025_12,225,0.0,116835.96,65014.584,1314132.799,357273.0,0.0,10.261,15.756,17.939,78.3,8.782,LST_ODISHA_2025_12.tif,3.0,3.0,1.0,3.0,3.0,4.0
Jagatsinghapur,Jagatsinghapur,21-380,2026_01,225,0.0,119947.68,64828.165,1323340.609,357273.0,0.0,10.261,15.756,17.939,78.3,8.782,LST_ODISHA_2026_01.tif,3.0,3.0,1.0,3.0,3.0,4.0
Jagatsinghapur,Jagatsinghapur,21-380,2026_02,225,0.0,119947.68,64828.165,1323340.609,357273.0,0.0,10.261,15.756,17.939,78.3,8.782,LST_ODISHA_2026_02.tif,3.0,3.0,1.0,3.0,3.0,5.0
Jagatsinghapur,Jagatsinghapur,21-380,2026_03,225,0.0,119947.68,64828.165,1323340.609,357273.0,24.458,10.261,15.756,17.939,78.3,8.782,LST_ODISHA_2026_03.tif,2.0,3.0,1.0,3.0,2.0,3.0
Jajapur,Jajapur,21-382,2021_01,329,0.0,141742.74,134297.86,2075118.078,0.0,0.0,9.889,9.308,16.047,85.5,7.647,LST_ODISHA_2021_01.tif,3.0,4.0,5.0,3.0,5.0,4.0
Jajapur,Jajapur,21-382,2021_02,329,0.0,141742.74,134297.86,2075118.078,0.0,0.11,9.889,9.308,16.047,85.5,7.647,LST_ODISHA_2021_02.tif,3.0,4.0,5.0,3.0,3.0,5.0
Jajapur,Jajapur,21-382,2021_03,329,16001654.05,141742.74,134297.86,2075118.078,16001654.05,34.697,9.889,9.308,16.047,85.5,7.647,LST_ODISHA_2021_03.tif,4.0,4.0,5.0,2.0,4.0,5.0
Jajapur,Jajapur,21-382,2021_04,329,820740.94,141742.74,134297.86,2075118.078,820740.94,0.0,9.889,9.308,16.047,85.5,7.647,LST_ODISHA_2021_04.tif,3.0,4.0,5.0,3.0,3.0,4.0
Jajapur,Jajapur,21-382,2021_05,329,3142829.14,141742.74,134297.86,2075118.078,3963570.08,1.858,9.889,9.308,16.047,85.5,7.647,LST_ODISHA_2021_05.tif,3.0,4.0,5.0,3.0,3.0,2.0
Jajapur,Jajapur,21-382,2021_06,329,0.0,141742.74,134297.86,2075118.078,3963570.08,0.762,9.889,9.308,16.047,85.5,7.647,LST_ODISHA_2021_06.tif,2.0,4.0,5.0,3.0,2.0,2.0
Jajapur,Jajapur,21-382,2021_07,329,0.0,141742.74,134297.86,2075118.078,3963570.08,20.397,9.889,9.308,16.047,85.5,7.647,LST_ODISHA_2021_07.tif,4.0,4.0,5.0,4.0,5.0,0.0
Jajapur,Jajapur,21-382,2021_08,329,0.0,141742.74,134297.86,2075118.078,3963570.08,23.413,9.889,9.308,16.047,85.5,7.647,LST_ODISHA_2021_08.tif,4.0,4.0,5.0,3.0,5.0,1.0
Jajapur,Jajapur,21-382,2021_09,329,0.0,141742.74,134297.86,2075118.078,3963570.08,1.245,9.889,9.308,16.047,85.5,7.647,LST_ODISHA_2021_09.tif,2.0,4.0,5.0,3.0,3.0,3.0
Jajapur,Jajapur,21-382,2021_10,329,0.0,141742.74,134297.86,2075118.078,3963570.08,51.843,9.889,9.308,16.047,85.5,7.647,LST_ODISHA_2021_10.tif,3.0,4.0,5.0,3.0,4.0,5.0
Jajapur,Jajapur,21-382,2021_11,329,0.0,141742.74,134297.86,2075118.078,3963570.08,1.745,9.889,9.308,16.047,85.5,7.647,LST_ODISHA_2021_11.tif,3.0,4.0,5.0,3.0,3.0,5.0
Jajapur,Jajapur,21-382,2021_12,329,8435000.0,141742.74,134297.86,2075118.078,12398570.08,0.0,9.889,9.308,16.047,85.5,7.647,LST_ODISHA_2021_12.tif,3.0,4.0,5.0,3.0,3.0,4.0
Jajapur,Jajapur,21-382,2022_01,329,0.0,146788.556,134750.619,2098222.28,12398570.08,0.0,9.889,9.308,16.047,85.5,7.647,LST_ODISHA_2022_01.tif,3.0,4.0,5.0,3.0,5.0,4.0
Jajapur,Jajapur,21-382,2022_02,329,0.0,146788.556,134750.619,2098222.28,12398570.08,0.0,9.889,9.308,16.047,85.5,7.647,LST_ODISHA_2022_02.tif,3.0,4.0,5.0,3.0,5.0,3.0
Jajapur,Jajapur,21-382,2022_03,329,376132.0,146788.556,134750.619,2098222.28,12774702.08,38.682,9.889,9.308,16.047,85.5,7.647,LST_ODISHA_2022_03.tif,4.0,4.0,5.0,3.0,5.0,3.0
Jajapur,Jajapur,21-382,2022_04,329,0.0,146788.556,134750.619,2098222.28,0.0,4.372,9.889,9.308,16.047,85.5,7.647,LST_ODISHA_2022_04.tif,4.0,4.0,5.0,3.0,4.0,3.0
Jajapur,Jajapur,21-382,2022_05,329,0.0,146788.556,134750.619,2098222.28,0.0,5.498,9.889,9.308,16.047,85.5,7.647,LST_ODISHA_2022_05.tif,2.0,4.0,5.0,3.0,3.0,3.0
Jajapur,Jajapur,21-382,2022_06,329,0.0,146788.556,134750.619,2098222.28,0.0,14.497,9.889,9.308,16.047,85.5,7.647,LST_ODISHA_2022_06.tif,2.0,4.0,5.0,3.0,3.0,2.0
Jajapur,Jajapur,21-382,2022_07,329,0.0,146788.556,134750.619,2098222.28,0.0,9.095,9.889,9.308,16.047,85.5,7.647,LST_ODISHA_2022_07.tif,2.0,4.0,5.0,3.0,3.0,0.0
Jajapur,Jajapur,21-382,2022_08,329,0.0,146788.556,134750.619,2098222.28,0.0,20.413,9.889,9.308,16.047,85.5,7.647,LST_ODISHA_2022_08.tif,3.0,4.0,5.0,3.0,4.0,1.0
Jajapur,Jajapur,21-382,2022_09,329,0.0,146788.556,134750.619,2098222.28,0.0,9.392,9.889,9.308,16.047,85.5,7.647,LST_ODISHA_2022_09.tif,3.0,4.0,5.0,3.0,3.0,2.0
Jajapur,Jajapur,21-382,2022_10,329,0.0,146788.556,134750.619,2098222.28,0.0,34.377,9.889,9.308,16.047,85.5,7.647,LST_ODISHA_2022_10.tif,4.0,4.0,5.0,3.0,5.0,5.0
Jajapur,Jajapur,21-382,2022_11,329,0.0,146788.556,134750.619,2098222.28,0.0,0.0,9.889,9.308,16.047,85.5,7.647,LST_ODISHA_2022_11.tif,3.0,4.0,5.0,3.0,3.0,5.0
Jajapur,Jajapur,21-382,2022_12,329,0.0,146788.556,134750.619,2098222.28,0.0,0.0,9.889,9.308,16.047,85.5,7.647,LST_ODISHA_2022_12.tif,3.0,4.0,5.0,3.0,3.0,5.0
Jajapur,Jajapur,21-382,2023_01,329,0.0,151834.372,135203.378,2121326.481,0.0,0.0,9.889,9.308,16.047,85.5,7.647,LST_ODISHA_2023_01.tif,3.0,4.0,5.0,3.0,5.0,5.0
Jajapur,Jajapur,21-382,2023_02,329,0.0,151834.372,135203.378,2121326.481,0.0,0.0,9.889,9.308,16.047,85.5,7.647,LST_ODISHA_2023_02.tif,3.0,4.0,5.0,3.0,3.0,5.0
Jajapur,Jajapur,21-382,2023_03,329,357999.02,151834.372,135203.378,2121326.481,357999.02,16.055,9.889,9.308,16.047,85.5,7.647,LST_ODISHA_2023_03.tif,4.0,4.0,5.0,3.0,5.0,4.0
Jajapur,Jajapur,21-382,2023_04,329,0.0,151834.372,135203.378,2121326.481,0.0,0.25,9.889,9.308,16.047,85.5,7.647,LST_ODISHA_2023_04.tif,3.0,4.0,5.0,3.0,2.0,3.0
Jajapur,Jajapur,21-382,2023_05,329,0.0,151834.372,135203.378,2121326.481,0.0,13.662,9.889,9.308,16.047,85.5,7.647,LST_ODISHA_2023_05.tif,4.0,4.0,5.0,3.0,4.0,2.0
Jajapur,Jajapur,21-382,2023_06,329,0.0,151834.372,135203.378,2121326.481,0.0,24.912,9.889,9.308,16.047,85.5,7.647,LST_ODISHA_2023_06.tif,3.0,4.0,5.0,3.0,3.0,3.0
Jajapur,Jajapur,21-382,2023_07,329,0.0,151834.372,135203.378,2121326.481,0.0,39.793,9.889,9.308,16.047,85.5,7.647,LST_ODISHA_2023_07.tif,4.0,4.0,5.0,3.0,4.0,3.0
Jajapur,Jajapur,21-382,2023_08,329,0.0,151834.372,135203.378,2121326.481,0.0,22.198,9.889,9.308,16.047,85.5,7.647,LST_ODISHA_2023_08.tif,4.0,4.0,5.0,3.0,4.0,2.0
Jajapur,Jajapur,21-382,2023_09,329,0.0,151834.372,135203.378,2121326.481,0.0,27.842,9.889,9.308,16.047,85.5,7.647,LST_ODISHA_2023_09.tif,3.0,4.0,5.0,3.0,3.0,4.0
Jajapur,Jajapur,21-382,2023_10,329,0.0,151834.372,135203.378,2121326.481,0.0,44.442,9.889,9.308,16.047,85.5,7.647,LST_ODISHA_2023_10.tif,4.0,4.0,5.0,3.0,4.0,5.0
Jajapur,Jajapur,21-382,2023_11,329,0.0,151834.372,135203.378,2121326.481,0.0,4.553,9.889,9.308,16.047,85.5,7.647,LST_ODISHA_2023_11.tif,3.0,4.0,5.0,3.0,3.0,5.0
Jajapur,Jajapur,21-382,2023_12,329,0.0,151834.372,135203.378,2121326.481,0.0,0.0,9.889,9.308,16.047,85.5,7.647,LST_ODISHA_2023_12.tif,3.0,4.0,5.0,3.0,2.0,5.0
Jajapur,Jajapur,21-382,2024_01,329,0.0,156880.188,135656.137,2144430.683,0.0,0.0,9.889,9.308,16.047,85.5,7.647,LST_ODISHA_2024_01.tif,3.0,4.0,5.0,3.0,5.0,4.0
Jajapur,Jajapur,21-382,2024_02,329,0.0,156880.188,135656.137,2144430.683,0.0,0.87,9.889,9.308,16.047,85.5,7.647,LST_ODISHA_2024_02.tif,5.0,4.0,5.0,3.0,5.0,5.0
Jajapur,Jajapur,21-382,2024_03,329,18438046.5,156880.188,135656.137,2144430.683,18438046.5,45.465,9.889,9.308,16.047,85.5,7.647,LST_ODISHA_2024_03.tif,5.0,4.0,5.0,3.0,5.0,4.0
Jajapur,Jajapur,21-382,2024_04,329,15751783.0,156880.188,135656.137,2144430.683,15751783.0,8.338,9.889,9.308,16.047,85.5,7.647,LST_ODISHA_2024_04.tif,3.0,4.0,5.0,3.0,3.0,4.0
Jajapur,Jajapur,21-382,2024_05,329,0.0,156880.188,135656.137,2144430.683,15751783.0,27.23,9.889,9.308,16.047,85.5,7.647,LST_ODISHA_2024_05.tif,2.0,4.0,5.0,3.0,3.0,1.0
Jajapur,Jajapur,21-382,2024_06,329,0.0,156880.188,135656.137,2144430.683,15751783.0,37.867,9.889,9.308,16.047,85.5,7.647,LST_ODISHA_2024_06.tif,3.0,4.0,5.0,3.0,4.0,3.0
Jajapur,Jajapur,21-382,2024_07,329,0.0,156880.188,135656.137,2144430.683,15751783.0,23.777,9.889,9.308,16.047,85.5,7.647,LST_ODISHA_2024_07.tif,4.0,4.0,5.0,3.0,5.0,4.0
Jajapur,Jajapur,21-382,2024_08,329,0.0,156880.188,135656.137,2144430.683,15751783.0,6.425,9.889,9.308,16.047,85.5,7.647,LST_ODISHA_2024_08.tif,3.0,4.0,5.0,3.0,3.0,3.0
Jajapur,Jajapur,21-382,2024_09,329,0.0,156880.188,135656.137,2144430.683,15751783.0,21.092,9.889,9.308,16.047,85.5,7.647,LST_ODISHA_2024_09.tif,4.0,4.0,5.0,3.0,4.0,1.0
Jajapur,Jajapur,21-382,2024_10,329,14947521.68,156880.188,135656.137,2144430.683,30699304.68,73.375,9.889,9.308,16.047,85.5,7.647,LST_ODISHA_2024_10.tif,3.0,4.0,5.0,3.0,4.0,5.0
Jajapur,Jajapur,21-382,2024_11,329,0.0,156880.188,135656.137,2144430.683,30699304.68,2.528,9.889,9.308,16.047,85.5,7.647,LST_ODISHA_2024_11.tif,3.0,4.0,5.0,3.0,3.0,5.0
Jajapur,Jajapur,21-382,2024_12,329,0.0,156880.188,135656.137,2144430.683,30699304.68,0.0,9.889,9.308,16.047,85.5,7.647,LST_ODISHA_2024_12.tif,3.0,4.0,5.0,3.0,2.0,5.0
Jajapur,Jajapur,21-382,2025_01,329,0.0,161926.004,136108.896,2167534.884,30699304.68,0.0,9.889,9.308,16.047,85.5,7.647,LST_ODISHA_2025_01.tif,3.0,4.0,5.0,3.0,4.0,5.0
Jajapur,Jajapur,21-382,2025_02,329,0.0,161926.004,136108.896,2167534.884,30699304.68,0.0,9.889,9.308,16.047,85.5,7.647,LST_ODISHA_2025_02.tif,3.0,4.0,5.0,3.0,2.0,4.0
Jajapur,Jajapur,21-382,2025_03,329,12450000.0,161926.004,136108.896,2167534.884,43149304.68,40.345,9.889,9.308,16.047,85.5,7.647,LST_ODISHA_2025_03.tif,3.0,4.0,5.0,3.0,4.0,3.0
Jajapur,Jajapur,21-382,2025_04,329,0.0,161926.004,136108.896,2167534.884,0.0,10.73,9.889,9.308,16.047,85.5,7.647,LST_ODISHA_2025_04.tif,5.0,4.0,5.0,3.0,5.0,2.0
Jajapur,Jajapur,21-382,2025_05,329,0.0,161926.004,136108.896,2167534.884,0.0,3.418,9.889,9.308,16.047,85.5,7.647,LST_ODISHA_2025_05.tif,2.0,4.0,5.0,3.0,3.0,4.0
Jajapur,Jajapur,21-382,2025_06,329,0.0,161926.004,136108.896,2167534.884,0.0,2.417,9.889,9.308,16.047,85.5,7.647,LST_ODISHA_2025_06.tif,3.0,4.0,5.0,3.0,3.0,3.0
Jajapur,Jajapur,21-382,2025_07,329,0.0,161926.004,136108.896,2167534.884,0.0,17.735,9.889,9.308,16.047,85.5,7.647,LST_ODISHA_2025_07.tif,2.0,4.0,5.0,3.0,3.0,0.0
Jajapur,Jajapur,21-382,2025_08,329,0.0,161926.004,136108.896,2167534.884,0.0,26.635,9.889,9.308,16.047,85.5,7.647,LST_ODISHA_2025_08.tif,4.0,4.0,5.0,3.0,5.0,5.0
Jajapur,Jajapur,21-382,2025_09,329,0.0,161926.004,136108.896,2167534.884,0.0,12.518,9.889,9.308,16.047,85.5,7.647,LST_ODISHA_2025_09.tif,3.0,4.0,5.0,4.0,3.0,5.0
Jajapur,Jajapur,21-382,2025_10,329,0.0,161926.004,136108.896,2167534.884,0.0,41.013,9.889,9.308,16.047,85.5,7.647,LST_ODISHA_2025_10.tif,3.0,4.0,5.0,3.0,4.0,5.0
Jajapur,Jajapur,21-382,2025_11,329,0.0,161926.004,136108.896,2167534.884,0.0,3.983,9.889,9.308,16.047,85.5,7.647,LST_ODISHA_2025_11.tif,4.0,4.0,5.0,3.0,5.0,5.0
Jajapur,Jajapur,21-382,2025_12,329,0.0,161926.004,136108.896,2167534.884,0.0,0.0,9.889,9.308,16.047,85.5,7.647,LST_ODISHA_2025_12.tif,3.0,4.0,5.0,3.0,5.0,5.0
Jajapur,Jajapur,21-382,2026_01,329,0.0,166971.82,136561.655,2190639.086,0.0,0.0,9.889,9.308,16.047,85.5,7.647,LST_ODISHA_2026_01.tif,3.0,4.0,5.0,3.0,5.0,5.0
Jajapur,Jajapur,21-382,2026_02,329,0.0,166971.82,136561.655,2190639.086,0.0,0.0,9.889,9.308,16.047,85.5,7.647,LST_ODISHA_2026_02.tif,3.0,4.0,5.0,3.0,5.0,5.0
Jajapur,Jajapur,21-382,2026_03,329,0.0,166971.82,136561.655,2190639.086,0.0,35.853,9.889,9.308,16.047,85.5,7.647,LST_ODISHA_2026_03.tif,5.0,4.0,5.0,3.0,5.0,4.0
Jharsuguda,Jharsuguda,21-371,2021_01,81,0.0,39302.7,40714.755,650616.371,0.0,0.0,10.816,12.092,9.844,82.2,7.565,LST_ODISHA_2021_01.tif,3.0,2.0,1.0,3.0,1.0,2.0
Jharsuguda,Jharsuguda,21-371,2021_02,81,0.0,39302.7,40714.755,650616.371,0.0,0.505,10.816,12.092,9.844,82.2,7.565,LST_ODISHA_2021_02.tif,4.0,2.0,1.0,3.0,3.0,2.0
Jharsuguda,Jharsuguda,21-371,2021_03,81,187877.0,39302.7,40714.755,650616.371,187877.0,34.388,10.816,12.092,9.844,82.2,7.565,LST_ODISHA_2021_03.tif,4.0,2.0,1.0,3.0,4.0,3.0
Jharsuguda,Jharsuguda,21-371,2021_04,81,0.0,39302.7,40714.755,650616.371,0.0,0.0,10.816,12.092,9.844,82.2,7.565,LST_ODISHA_2021_04.tif,3.0,2.0,1.0,3.0,2.0,4.0
Jharsuguda,Jharsuguda,21-371,2021_05,81,0.0,39302.7,40714.755,650616.371,0.0,4.981,10.816,12.092,9.844,82.2,7.565,LST_ODISHA_2021_05.tif,5.0,2.0,1.0,4.0,4.0,2.0
Jharsuguda,Jharsuguda,21-371,2021_06,81,0.0,39302.7,40714.755,650616.371,0.0,0.858,10.816,12.092,9.844,82.2,7.565,LST_ODISHA_2021_06.tif,2.0,2.0,1.0,4.0,2.0,3.0
Jharsuguda,Jharsuguda,21-371,2021_07,81,0.0,39302.7,40714.755,650616.371,0.0,17.146,10.816,12.092,9.844,82.2,7.565,LST_ODISHA_2021_07.tif,3.0,2.0,1.0,4.0,3.0,3.0
Jharsuguda,Jharsuguda,21-371,2021_08,81,376737.0,39302.7,40714.755,650616.371,376737.0,18.938,10.816,12.092,9.844,82.2,7.565,LST_ODISHA_2021_08.tif,2.0,2.0,1.0,3.0,2.0,3.0
Jharsuguda,Jharsuguda,21-371,2021_09,81,0.0,39302.7,40714.755,650616.371,376737.0,3.029,10.816,12.092,9.844,82.2,7.565,LST_ODISHA_2021_09.tif,3.0,2.0,1.0,3.0,3.0,1.0
Jharsuguda,Jharsuguda,21-371,2021_10,81,0.0,39302.7,40714.755,650616.371,376737.0,52.703,10.816,12.092,9.844,82.2,7.565,LST_ODISHA_2021_10.tif,3.0,2.0,1.0,3.0,3.0,4.0
Jharsuguda,Jharsuguda,21-371,2021_11,81,0.0,39302.7,40714.755,650616.371,376737.0,0.673,10.816,12.092,9.844,82.2,7.565,LST_ODISHA_2021_11.tif,2.0,2.0,1.0,3.0,2.0,5.0
Jharsuguda,Jharsuguda,21-371,2021_12,81,0.0,39302.7,40714.755,650616.371,376737.0,0.0,10.816,12.092,9.844,82.2,7.565,LST_ODISHA_2021_12.tif,3.0,2.0,1.0,3.0,2.0,3.0
Jharsuguda,Jharsuguda,21-371,2022_01,81,0.0,40784.394,40922.032,658082.356,376737.0,0.0,10.816,12.092,9.844,82.2,7.565,LST_ODISHA_2022_01.tif,3.0,2.0,1.0,3.0,3.0,2.0
Jharsuguda,Jharsuguda,21-371,2022_02,81,0.0,40784.394,40922.032,658082.356,376737.0,0.0,10.816,12.092,9.844,82.2,7.565,LST_ODISHA_2022_02.tif,3.0,2.0,1.0,3.0,3.0,2.0
Jharsuguda,Jharsuguda,21-371,2022_03,81,0.0,40784.394,40922.032,658082.356,376737.0,38.902,10.816,12.092,9.844,82.2,7.565,LST_ODISHA_2022_03.tif,4.0,2.0,1.0,3.0,4.0,1.0
Jharsuguda,Jharsuguda,21-371,2022_04,81,0.0,40784.394,40922.032,658082.356,0.0,0.0,10.816,12.092,9.844,82.2,7.565,LST_ODISHA_2022_04.tif,2.0,2.0,1.0,3.0,2.0,3.0
Jharsuguda,Jharsuguda,21-371,2022_05,81,0.0,40784.394,40922.032,658082.356,0.0,18.656,10.816,12.092,9.844,82.2,7.565,LST_ODISHA_2022_05.tif,5.0,2.0,1.0,3.0,4.0,4.0
Jharsuguda,Jharsuguda,21-371,2022_06,81,0.0,40784.394,40922.032,658082.356,0.0,22.502,10.816,12.092,9.844,82.2,7.565,LST_ODISHA_2022_06.tif,4.0,2.0,1.0,3.0,4.0,4.0
Jharsuguda,Jharsuguda,21-371,2022_07,81,0.0,40784.394,40922.032,658082.356,0.0,11.642,10.816,12.092,9.844,82.2,7.565,LST_ODISHA_2022_07.tif,3.0,2.0,1.0,3.0,3.0,3.0
Jharsuguda,Jharsuguda,21-371,2022_08,81,0.0,40784.394,40922.032,658082.356,0.0,20.946,10.816,12.092,9.844,82.2,7.565,LST_ODISHA_2022_08.tif,3.0,2.0,1.0,3.0,3.0,1.0
Jharsuguda,Jharsuguda,21-371,2022_09,81,0.0,40784.394,40922.032,658082.356,0.0,7.243,10.816,12.092,9.844,82.2,7.565,LST_ODISHA_2022_09.tif,2.0,2.0,1.0,3.0,2.0,3.0
Jharsuguda,Jharsuguda,21-371,2022_10,81,0.0,40784.394,40922.032,658082.356,0.0,33.063,10.816,12.092,9.844,82.2,7.565,LST_ODISHA_2022_10.tif,4.0,2.0,1.0,3.0,4.0,4.0
Jharsuguda,Jharsuguda,21-371,2022_11,81,0.0,40784.394,40922.032,658082.356,0.0,0.0,10.816,12.092,9.844,82.2,7.565,LST_ODISHA_2022_11.tif,3.0,2.0,1.0,3.0,2.0,3.0
Jharsuguda,Jharsuguda,21-371,2022_12,81,0.0,40784.394,40922.032,658082.356,0.0,0.0,10.816,12.092,9.844,82.2,7.565,LST_ODISHA_2022_12.tif,3.0,2.0,1.0,3.0,2.0,3.0
Jharsuguda,Jharsuguda,21-371,2023_01,81,1211876.0,42266.088,41129.309,665548.341,1211876.0,0.0,10.816,12.092,9.844,82.2,7.565,LST_ODISHA_2023_01.tif,3.0,2.0,1.0,3.0,3.0,2.0
Jharsuguda,Jharsuguda,21-371,2023_02,81,0.0,42266.088,41129.309,665548.341,1211876.0,0.0,10.816,12.092,9.844,82.2,7.565,LST_ODISHA_2023_02.tif,3.0,2.0,1.0,3.0,2.0,3.0
Jharsuguda,Jharsuguda,21-371,2023_03,81,0.0,42266.088,41129.309,665548.341,1211876.0,11.235,10.816,12.092,9.844,82.2,7.565,LST_ODISHA_2023_03.tif,3.0,2.0,1.0,3.0,3.0,3.0
Jharsuguda,Jharsuguda,21-371,2023_04,81,0.0,42266.088,41129.309,665548.341,0.0,0.0,10.816,12.092,9.844,82.2,7.565,LST_ODISHA_2023_04.tif,3.0,2.0,1.0,3.0,1.0,3.0
Jharsuguda,Jharsuguda,21-371,2023_05,81,0.0,42266.088,41129.309,665548.341,0.0,2.023,10.816,12.092,9.844,82.2,7.565,LST_ODISHA_2023_05.tif,2.0,2.0,1.0,3.0,1.0,4.0
Jharsuguda,Jharsuguda,21-371,2023_06,81,0.0,42266.088,41129.309,665548.341,0.0,26.23,10.816,12.092,9.844,82.2,7.565,LST_ODISHA_2023_06.tif,3.0,2.0,1.0,3.0,2.0,4.0
Jharsuguda,Jharsuguda,21-371,2023_07,81,0.0,42266.088,41129.309,665548.341,0.0,42.95,10.816,12.092,9.844,82.2,7.565,LST_ODISHA_2023_07.tif,5.0,2.0,1.0,3.0,4.0,2.0
Jharsuguda,Jharsuguda,21-371,2023_08,81,0.0,42266.088,41129.309,665548.341,0.0,13.198,10.816,12.092,9.844,82.2,7.565,LST_ODISHA_2023_08.tif,1.0,2.0,1.0,3.0,1.0,2.0
Jharsuguda,Jharsuguda,21-371,2023_09,81,0.0,42266.088,41129.309,665548.341,0.0,31.31,10.816,12.092,9.844,82.2,7.565,LST_ODISHA_2023_09.tif,4.0,2.0,1.0,3.0,3.0,2.0
Jharsuguda,Jharsuguda,21-371,2023_10,81,0.0,42266.088,41129.309,665548.341,0.0,40.242,10.816,12.092,9.844,82.2,7.565,LST_ODISHA_2023_10.tif,2.0,2.0,1.0,3.0,2.0,4.0
Jharsuguda,Jharsuguda,21-371,2023_11,81,0.0,42266.088,41129.309,665548.341,0.0,2.433,10.816,12.092,9.844,82.2,7.565,LST_ODISHA_2023_11.tif,2.0,2.0,1.0,3.0,1.0,3.0
Jharsuguda,Jharsuguda,21-371,2023_12,81,0.0,42266.088,41129.309,665548.341,0.0,0.0,10.816,12.092,9.844,82.2,7.565,LST_ODISHA_2023_12.tif,3.0,2.0,1.0,3.0,1.0,2.0
Jharsuguda,Jharsuguda,21-371,2024_01,81,0.0,43747.782,41336.586,673014.325,0.0,0.0,10.816,12.092,9.844,82.2,7.565,LST_ODISHA_2024_01.tif,3.0,2.0,1.0,3.0,1.0,2.0
Jharsuguda,Jharsuguda,21-371,2024_02,81,0.0,43747.782,41336.586,673014.325,0.0,0.0,10.816,12.092,9.844,82.2,7.565,LST_ODISHA_2024_02.tif,2.0,2.0,1.0,3.0,2.0,2.0
Jharsuguda,Jharsuguda,21-371,2024_03,81,500000.0,43747.782,41336.586,673014.325,500000.0,32.171,10.816,12.092,9.844,82.2,7.565,LST_ODISHA_2024_03.tif,2.0,2.0,1.0,3.0,2.0,1.0
Jharsuguda,Jharsuguda,21-371,2024_04,81,0.0,43747.782,41336.586,673014.325,0.0,1.851,10.816,12.092,9.844,82.2,7.565,LST_ODISHA_2024_04.tif,2.0,2.0,1.0,3.0,2.0,2.0
Jharsuguda,Jharsuguda,21-371,2024_05,81,0.0,43747.782,41336.586,673014.325,0.0,27.842,10.816,12.092,9.844,82.2,7.565,LST_ODISHA_2024_05.tif,3.0,2.0,1.0,4.0,3.0,4.0
Jharsuguda,Jharsuguda,21-371,2024_06,81,0.0,43747.782,41336.586,673014.325,0.0,58.551,10.816,12.092,9.844,82.2,7.565,LST_ODISHA_2024_06.tif,5.0,2.0,1.0,4.0,4.0,3.0
Jharsuguda,Jharsuguda,21-371,2024_07,81,1998900.0,43747.782,41336.586,673014.325,1998900.0,28.252,10.816,12.092,9.844,82.2,7.565,LST_ODISHA_2024_07.tif,4.0,2.0,1.0,4.0,4.0,5.0
Jharsuguda,Jharsuguda,21-371,2024_08,81,0.0,43747.782,41336.586,673014.325,1998900.0,4.185,10.816,12.092,9.844,82.2,7.565,LST_ODISHA_2024_08.tif,2.0,2.0,1.0,4.0,2.0,3.0
Jharsuguda,Jharsuguda,21-371,2024_09,81,0.0,43747.782,41336.586,673014.325,1998900.0,24.708,10.816,12.092,9.844,82.2,7.565,LST_ODISHA_2024_09.tif,4.0,2.0,1.0,4.0,4.0,2.0
Jharsuguda,Jharsuguda,21-371,2024_10,81,0.0,43747.782,41336.586,673014.325,1998900.0,70.899,10.816,12.092,9.844,82.2,7.565,LST_ODISHA_2024_10.tif,3.0,2.0,1.0,4.0,3.0,5.0
Jharsuguda,Jharsuguda,21-371,2024_11,81,0.0,43747.782,41336.586,673014.325,1998900.0,1.985,10.816,12.092,9.844,82.2,7.565,LST_ODISHA_2024_11.tif,2.0,2.0,1.0,4.0,2.0,4.0
Jharsuguda,Jharsuguda,21-371,2024_12,81,0.0,43747.782,41336.586,673014.325,1998900.0,0.0,10.816,12.092,9.844,82.2,7.565,LST_ODISHA_2024_12.tif,3.0,2.0,1.0,4.0,2.0,3.0
Jharsuguda,Jharsuguda,21-371,2025_01,81,0.0,45229.476,41543.863,680480.31,1998900.0,0.0,10.816,12.092,9.844,82.2,7.565,LST_ODISHA_2025_01.tif,3.0,2.0,1.0,4.0,3.0,3.0
Jharsuguda,Jharsuguda,21-371,2025_02,81,0.0,45229.476,41543.863,680480.31,1998900.0,0.0,10.816,12.092,9.844,82.2,7.565,LST_ODISHA_2025_02.tif,3.0,2.0,1.0,4.0,2.0,3.0
Jharsuguda,Jharsuguda,21-371,2025_03,81,0.0,45229.476,41543.863,680480.31,1998900.0,44.25,10.816,12.092,9.844,82.2,7.565,LST_ODISHA_2025_03.tif,4.0,2.0,1.0,4.0,4.0,3.0
Jharsuguda,Jharsuguda,21-371,2025_04,81,0.0,45229.476,41543.863,680480.31,0.0,0.0,10.816,12.092,9.844,82.2,7.565,LST_ODISHA_2025_04.tif,2.0,2.0,1.0,3.0,2.0,4.0
Jharsuguda,Jharsuguda,21-371,2025_05,81,0.0,45229.476,41543.863,680480.31,0.0,12.221,10.816,12.092,9.844,82.2,7.565,LST_ODISHA_2025_05.tif,4.0,2.0,1.0,3.0,3.0,4.0
Jharsuguda,Jharsuguda,21-371,2025_06,81,0.0,45229.476,41543.863,680480.31,0.0,4.109,10.816,12.092,9.844,82.2,7.565,LST_ODISHA_2025_06.tif,4.0,2.0,1.0,3.0,3.0,5.0
Jharsuguda,Jharsuguda,21-371,2025_07,81,0.0,45229.476,41543.863,680480.31,0.0,20.005,10.816,12.092,9.844,82.2,7.565,LST_ODISHA_2025_07.tif,3.0,2.0,1.0,3.0,3.0,3.0
Jharsuguda,Jharsuguda,21-371,2025_08,81,0.0,45229.476,41543.863,680480.31,0.0,20.507,10.816,12.092,9.844,82.2,7.565,LST_ODISHA_2025_08.tif,2.0,2.0,1.0,3.0,2.0,3.0
Jharsuguda,Jharsuguda,21-371,2025_09,81,0.0,45229.476,41543.863,680480.31,0.0,24.601,10.816,12.092,9.844,82.2,7.565,LST_ODISHA_2025_09.tif,5.0,2.0,1.0,4.0,4.0,3.0
Jharsuguda,Jharsuguda,21-371,2025_10,81,1281888.0,45229.476,41543.863,680480.31,1281888.0,38.771,10.816,12.092,9.844,82.2,7.565,LST_ODISHA_2025_10.tif,2.0,2.0,1.0,3.0,2.0,5.0
Jharsuguda,Jharsuguda,21-371,2025_11,81,0.0,45229.476,41543.863,680480.31,1281888.0,0.938,10.816,12.092,9.844,82.2,7.565,LST_ODISHA_2025_11.tif,2.0,2.0,1.0,3.0,2.0,4.0
Jharsuguda,Jharsuguda,21-371,2025_12,81,0.0,45229.476,41543.863,680480.31,1281888.0,0.0,10.816,12.092,9.844,82.2,7.565,LST_ODISHA_2025_12.tif,3.0,2.0,1.0,3.0,3.0,3.0
Jharsuguda,Jharsuguda,21-371,2026_01,81,0.0,46711.17,41751.14,687946.295,1281888.0,0.0,10.816,12.092,9.844,82.2,7.565,LST_ODISHA_2026_01.tif,3.0,2.0,1.0,3.0,3.0,3.0
Jharsuguda,Jharsuguda,21-371,2026_02,81,0.0,46711.17,41751.14,687946.295,1281888.0,0.0,10.816,12.092,9.844,82.2,7.565,LST_ODISHA_2026_02.tif,3.0,2.0,1.0,3.0,3.0,2.0
Jharsuguda,Jharsuguda,21-371,2026_03,81,0.0,46711.17,41751.14,687946.295,1281888.0,31.185,10.816,12.092,9.844,82.2,7.565,LST_ODISHA_2026_03.tif,4.0,2.0,1.0,3.0,4.0,2.0
Kalahandi,Kalahandi,21-395,2021_01,298,0.0,120059.94,156698.735,1894533.576,0.0,0.0,9.691,7.319,10.352,95.7,6.678,LST_ODISHA_2021_01.tif,3.0,3.0,5.0,3.0,5.0,4.0
Kalahandi,Kalahandi,21-395,2021_02,298,0.0,120059.94,156698.735,1894533.576,0.0,0.0,9.691,7.319,10.352,95.7,6.678,LST_ODISHA_2021_02.tif,2.0,3.0,5.0,3.0,2.0,4.0
Kalahandi,Kalahandi,21-395,2021_03,298,0.0,120059.94,156698.735,1894533.576,0.0,25.915,9.691,7.319,10.352,95.7,6.678,LST_ODISHA_2021_03.tif,2.0,3.0,5.0,3.0,3.0,4.0
Kalahandi,Kalahandi,21-395,2021_04,298,37759584.0,120059.94,156698.735,1894533.576,37759584.0,0.0,9.691,7.319,10.352,95.7,6.678,LST_ODISHA_2021_04.tif,3.0,3.0,5.0,3.0,3.0,4.0
Kalahandi,Kalahandi,21-395,2021_05,298,0.0,120059.94,156698.735,1894533.576,37759584.0,1.274,9.691,7.319,10.352,95.7,6.678,LST_ODISHA_2021_05.tif,2.0,3.0,5.0,3.0,2.0,4.0
Kalahandi,Kalahandi,21-395,2021_06,298,0.0,120059.94,156698.735,1894533.576,37759584.0,1.558,9.691,7.319,10.352,95.7,6.678,LST_ODISHA_2021_06.tif,3.0,3.0,5.0,3.0,3.0,5.0
Kalahandi,Kalahandi,21-395,2021_07,298,14324144.0,120059.94,156698.735,1894533.576,52083728.0,18.231,9.691,7.319,10.352,95.7,6.678,LST_ODISHA_2021_07.tif,3.0,3.0,5.0,3.0,3.0,2.0
Kalahandi,Kalahandi,21-395,2021_08,298,0.0,120059.94,156698.735,1894533.576,52083728.0,22.792,9.691,7.319,10.352,95.7,6.678,LST_ODISHA_2021_08.tif,3.0,3.0,5.0,3.0,4.0,2.0
Kalahandi,Kalahandi,21-395,2021_09,298,29270757.657,120059.94,156698.735,1894533.576,81354485.657,5.912,9.691,7.319,10.352,95.7,6.678,LST_ODISHA_2021_09.tif,4.0,3.0,5.0,3.0,4.0,4.0
Kalahandi,Kalahandi,21-395,2021_10,298,0.0,120059.94,156698.735,1894533.576,81354485.657,53.058,9.691,7.319,10.352,95.7,6.678,LST_ODISHA_2021_10.tif,3.0,3.0,5.0,3.0,4.0,4.0
Kalahandi,Kalahandi,21-395,2021_11,298,0.0,120059.94,156698.735,1894533.576,81354485.657,3.162,9.691,7.319,10.352,95.7,6.678,LST_ODISHA_2021_11.tif,4.0,3.0,5.0,3.0,4.0,3.0
Kalahandi,Kalahandi,21-395,2021_12,298,0.0,120059.94,156698.735,1894533.576,81354485.657,0.0,9.691,7.319,10.352,95.7,6.678,LST_ODISHA_2021_12.tif,3.0,3.0,5.0,3.0,3.0,4.0
Kalahandi,Kalahandi,21-395,2022_01,298,0.0,125086.004,158156.024,1925457.363,81354485.657,0.0,9.691,7.319,10.352,95.7,6.678,LST_ODISHA_2022_01.tif,3.0,3.0,5.0,3.0,5.0,4.0
Kalahandi,Kalahandi,21-395,2022_02,298,198884597.62,125086.004,158156.024,1925457.363,280239083.277,0.0,9.691,7.319,10.352,95.7,6.678,LST_ODISHA_2022_02.tif,3.0,3.0,5.0,3.0,5.0,4.0
Kalahandi,Kalahandi,21-395,2022_03,298,0.0,125086.004,158156.024,1925457.363,280239083.277,36.169,9.691,7.319,10.352,95.7,6.678,LST_ODISHA_2022_03.tif,3.0,3.0,5.0,3.0,4.0,5.0
Kalahandi,Kalahandi,21-395,2022_04,298,0.0,125086.004,158156.024,1925457.363,0.0,0.516,9.691,7.319,10.352,95.7,6.678,LST_ODISHA_2022_04.tif,2.0,3.0,5.0,3.0,3.0,4.0
Kalahandi,Kalahandi,21-395,2022_05,298,0.0,125086.004,158156.024,1925457.363,0.0,14.063,9.691,7.319,10.352,95.7,6.678,LST_ODISHA_2022_05.tif,4.0,3.0,5.0,3.0,4.0,4.0
Kalahandi,Kalahandi,21-395,2022_06,298,0.0,125086.004,158156.024,1925457.363,0.0,15.126,9.691,7.319,10.352,95.7,6.678,LST_ODISHA_2022_06.tif,3.0,3.0,5.0,3.0,4.0,4.0
Kalahandi,Kalahandi,21-395,2022_07,298,0.0,125086.004,158156.024,1925457.363,0.0,10.937,9.691,7.319,10.352,95.7,6.678,LST_ODISHA_2022_07.tif,3.0,3.0,5.0,3.0,4.0,4.0
Kalahandi,Kalahandi,21-395,2022_08,298,0.0,125086.004,158156.024,1925457.363,0.0,24.421,9.691,7.319,10.352,95.7,6.678,LST_ODISHA_2022_08.tif,4.0,3.0,5.0,3.0,4.0,4.0
Kalahandi,Kalahandi,21-395,2022_09,298,0.0,125086.004,158156.024,1925457.363,0.0,11.518,9.691,7.319,10.352,95.7,6.678,LST_ODISHA_2022_09.tif,4.0,3.0,5.0,3.0,4.0,4.0
Kalahandi,Kalahandi,21-395,2022_10,298,0.0,125086.004,158156.024,1925457.363,0.0,31.519,9.691,7.319,10.352,95.7,6.678,LST_ODISHA_2022_10.tif,3.0,3.0,5.0,3.0,4.0,3.0
Kalahandi,Kalahandi,21-395,2022_11,298,0.0,125086.004,158156.024,1925457.363,0.0,0.026,9.691,7.319,10.352,95.7,6.678,LST_ODISHA_2022_11.tif,3.0,3.0,5.0,3.0,3.0,3.0
Kalahandi,Kalahandi,21-395,2022_12,298,0.0,125086.004,158156.024,1925457.363,0.0,0.416,9.691,7.319,10.352,95.7,6.678,LST_ODISHA_2022_12.tif,4.0,3.0,5.0,3.0,4.0,4.0
Kalahandi,Kalahandi,21-395,2023_01,298,0.0,130112.068,159613.313,1956381.15,0.0,0.0,9.691,7.319,10.352,95.7,6.678,LST_ODISHA_2023_01.tif,3.0,3.0,5.0,3.0,5.0,3.0
Kalahandi,Kalahandi,21-395,2023_02,298,0.0,130112.068,159613.313,1956381.15,0.0,0.0,9.691,7.319,10.352,95.7,6.678,LST_ODISHA_2023_02.tif,3.0,3.0,5.0,3.0,3.0,4.0
Kalahandi,Kalahandi,21-395,2023_03,298,0.0,130112.068,159613.313,1956381.15,0.0,8.286,9.691,7.319,10.352,95.7,6.678,LST_ODISHA_2023_03.tif,2.0,3.0,5.0,3.0,3.0,3.0
Kalahandi,Kalahandi,21-395,2023_04,298,0.0,130112.068,159613.313,1956381.15,0.0,0.0,9.691,7.319,10.352,95.7,6.678,LST_ODISHA_2023_04.tif,3.0,3.0,5.0,3.0,2.0,3.0
Kalahandi,Kalahandi,21-395,2023_05,298,0.0,130112.068,159613.313,1956381.15,0.0,2.647,9.691,7.319,10.352,95.7,6.678,LST_ODISHA_2023_05.tif,2.0,3.0,5.0,3.0,2.0,4.0
Kalahandi,Kalahandi,21-395,2023_06,298,0.0,130112.068,159613.313,1956381.15,0.0,19.639,9.691,7.319,10.352,95.7,6.678,LST_ODISHA_2023_06.tif,2.0,3.0,5.0,3.0,2.0,4.0
Kalahandi,Kalahandi,21-395,2023_07,298,0.0,130112.068,159613.313,1956381.15,0.0,30.867,9.691,7.319,10.352,95.7,6.678,LST_ODISHA_2023_07.tif,2.0,3.0,5.0,3.0,3.0,4.0
Kalahandi,Kalahandi,21-395,2023_08,298,0.0,130112.068,159613.313,1956381.15,0.0,16.131,9.691,7.319,10.352,95.7,6.678,LST_ODISHA_2023_08.tif,2.0,3.0,5.0,3.0,3.0,4.0
Kalahandi,Kalahandi,21-395,2023_09,298,0.0,130112.068,159613.313,1956381.15,0.0,29.494,9.691,7.319,10.352,95.7,6.678,LST_ODISHA_2023_09.tif,3.0,3.0,5.0,3.0,3.0,2.0
Kalahandi,Kalahandi,21-395,2023_10,298,0.0,130112.068,159613.313,1956381.15,0.0,35.258,9.691,7.319,10.352,95.7,6.678,LST_ODISHA_2023_10.tif,1.0,3.0,5.0,3.0,2.0,3.0
Kalahandi,Kalahandi,21-395,2023_11,298,0.0,130112.068,159613.313,1956381.15,0.0,8.092,9.691,7.319,10.352,95.7,6.678,LST_ODISHA_2023_11.tif,4.0,3.0,5.0,3.0,4.0,3.0
Kalahandi,Kalahandi,21-395,2023_12,298,0.0,130112.068,159613.313,1956381.15,0.0,0.005,9.691,7.319,10.352,95.7,6.678,LST_ODISHA_2023_12.tif,3.0,3.0,5.0,3.0,2.0,3.0
Kalahandi,Kalahandi,21-395,2024_01,298,0.0,135138.132,161070.602,1987304.937,0.0,0.0,9.691,7.319,10.352,95.7,6.678,LST_ODISHA_2024_01.tif,3.0,3.0,5.0,3.0,5.0,4.0
Kalahandi,Kalahandi,21-395,2024_02,298,0.0,135138.132,161070.602,1987304.937,0.0,0.097,9.691,7.319,10.352,95.7,6.678,LST_ODISHA_2024_02.tif,2.0,3.0,5.0,3.0,3.0,4.0
Kalahandi,Kalahandi,21-395,2024_03,298,0.0,135138.132,161070.602,1987304.937,0.0,35.196,9.691,7.319,10.352,95.7,6.678,LST_ODISHA_2024_03.tif,3.0,3.0,5.0,3.0,4.0,3.0
Kalahandi,Kalahandi,21-395,2024_04,298,7604156.17,135138.132,161070.602,1987304.937,7604156.17,5.338,9.691,7.319,10.352,95.7,6.678,LST_ODISHA_2024_04.tif,3.0,3.0,5.0,3.0,3.0,3.0
Kalahandi,Kalahandi,21-395,2024_05,298,5104881.079,135138.132,161070.602,1987304.937,12709037.249,31.326,9.691,7.319,10.352,95.7,6.678,LST_ODISHA_2024_05.tif,3.0,3.0,5.0,3.0,3.0,4.0
Kalahandi,Kalahandi,21-395,2024_06,298,0.0,135138.132,161070.602,1987304.937,12709037.249,37.962,9.691,7.319,10.352,95.7,6.678,LST_ODISHA_2024_06.tif,3.0,3.0,5.0,3.0,3.0,3.0
Kalahandi,Kalahandi,21-395,2024_07,298,13651971.52,135138.132,161070.602,1987304.937,26361008.769,9.063,9.691,7.319,10.352,95.7,6.678,LST_ODISHA_2024_07.tif,2.0,3.0,5.0,3.0,3.0,0.0
Kalahandi,Kalahandi,21-395,2024_08,298,0.0,135138.132,161070.602,1987304.937,26361008.769,7.735,9.691,7.319,10.352,95.7,6.678,LST_ODISHA_2024_08.tif,3.0,3.0,5.0,3.0,3.0,3.0
Kalahandi,Kalahandi,21-395,2024_09,298,0.0,135138.132,161070.602,1987304.937,26361008.769,17.435,9.691,7.319,10.352,95.7,6.678,LST_ODISHA_2024_09.tif,3.0,3.0,5.0,3.0,3.0,3.0
Kalahandi,Kalahandi,21-395,2024_10,298,0.0,135138.132,161070.602,1987304.937,26361008.769,74.359,9.691,7.319,10.352,95.7,6.678,LST_ODISHA_2024_10.tif,4.0,3.0,5.0,3.0,4.0,4.0
Kalahandi,Kalahandi,21-395,2024_11,298,0.0,135138.132,161070.602,1987304.937,26361008.769,2.515,9.691,7.319,10.352,95.7,6.678,LST_ODISHA_2024_11.tif,3.0,3.0,5.0,3.0,3.0,3.0
Kalahandi,Kalahandi,21-395,2024_12,298,0.0,135138.132,161070.602,1987304.937,26361008.769,0.035,9.691,7.319,10.352,95.7,6.678,LST_ODISHA_2024_12.tif,3.0,3.0,5.0,3.0,2.0,3.0
Kalahandi,Kalahandi,21-395,2025_01,298,14224828.68,140164.196,162527.891,2018228.725,40585837.449,0.0,9.691,7.319,10.352,95.7,6.678,LST_ODISHA_2025_01.tif,3.0,3.0,5.0,3.0,4.0,3.0
Kalahandi,Kalahandi,21-395,2025_02,298,0.0,140164.196,162527.891,2018228.725,40585837.449,0.0,9.691,7.319,10.352,95.7,6.678,LST_ODISHA_2025_02.tif,3.0,3.0,5.0,3.0,2.0,4.0
Kalahandi,Kalahandi,21-395,2025_03,298,43112770.28,140164.196,162527.891,2018228.725,83698607.729,45.884,9.691,7.319,10.352,95.7,6.678,LST_ODISHA_2025_03.tif,4.0,3.0,5.0,3.0,4.0,3.0
Kalahandi,Kalahandi,21-395,2025_04,298,214246.0,140164.196,162527.891,2018228.725,214246.0,1.325,9.691,7.319,10.352,95.7,6.678,LST_ODISHA_2025_04.tif,2.0,3.0,5.0,3.0,3.0,4.0
Kalahandi,Kalahandi,21-395,2025_05,298,0.0,140164.196,162527.891,2018228.725,214246.0,9.471,9.691,7.319,10.352,95.7,6.678,LST_ODISHA_2025_05.tif,4.0,3.0,5.0,3.0,4.0,4.0
Kalahandi,Kalahandi,21-395,2025_06,298,0.0,140164.196,162527.891,2018228.725,214246.0,0.64,9.691,7.319,10.352,95.7,6.678,LST_ODISHA_2025_06.tif,2.0,3.0,5.0,3.0,3.0,3.0
Kalahandi,Kalahandi,21-395,2025_07,298,0.0,140164.196,162527.891,2018228.725,214246.0,27.344,9.691,7.319,10.352,95.7,6.678,LST_ODISHA_2025_07.tif,5.0,3.0,5.0,3.0,5.0,1.0
Kalahandi,Kalahandi,21-395,2025_08,298,0.0,140164.196,162527.891,2018228.725,214246.0,27.61,9.691,7.319,10.352,95.7,6.678,LST_ODISHA_2025_08.tif,4.0,3.0,5.0,3.0,4.0,1.0
Kalahandi,Kalahandi,21-395,2025_09,298,0.0,140164.196,162527.891,2018228.725,214246.0,14.155,9.691,7.319,10.352,95.7,6.678,LST_ODISHA_2025_09.tif,3.0,3.0,5.0,4.0,3.0,4.0
Kalahandi,Kalahandi,21-395,2025_10,298,0.0,140164.196,162527.891,2018228.725,214246.0,39.766,9.691,7.319,10.352,95.7,6.678,LST_ODISHA_2025_10.tif,2.0,3.0,5.0,3.0,3.0,2.0
Kalahandi,Kalahandi,21-395,2025_11,298,0.0,140164.196,162527.891,2018228.725,214246.0,1.614,9.691,7.319,10.352,95.7,6.678,LST_ODISHA_2025_11.tif,2.0,3.0,5.0,3.0,3.0,3.0
Kalahandi,Kalahandi,21-395,2025_12,298,0.0,140164.196,162527.891,2018228.725,214246.0,0.0,9.691,7.319,10.352,95.7,6.678,LST_ODISHA_2025_12.tif,3.0,3.0,5.0,3.0,5.0,3.0
Kalahandi,Kalahandi,21-395,2026_01,298,0.0,145190.26,163985.18,2049152.512,214246.0,0.0,9.691,7.319,10.352,95.7,6.678,LST_ODISHA_2026_01.tif,3.0,3.0,5.0,3.0,5.0,4.0
Kalahandi,Kalahandi,21-395,2026_02,298,0.0,145190.26,163985.18,2049152.512,214246.0,0.0,9.691,7.319,10.352,95.7,6.678,LST_ODISHA_2026_02.tif,3.0,3.0,5.0,3.0,5.0,3.0
Kalahandi,Kalahandi,21-395,2026_03,298,0.0,145190.26,163985.18,2049152.512,214246.0,24.18,9.691,7.319,10.352,95.7,6.678,LST_ODISHA_2026_03.tif,2.0,3.0,5.0,3.0,3.0,4.0
Kandhamal,Kandhamal,21-390,2021_01,213,0.0,45840.1,73408.805,842728.209,0.0,0.0,9.301,9.545,14.922,85.0,5.5,LST_ODISHA_2021_01.tif,3.0,1.0,1.0,3.0,1.0,1.0
Kandhamal,Kandhamal,21-390,2021_02,213,0.0,45840.1,73408.805,842728.209,0.0,0.0,9.301,9.545,14.922,85.0,5.5,LST_ODISHA_2021_02.tif,2.0,1.0,1.0,3.0,1.0,1.0
Kandhamal,Kandhamal,21-390,2021_03,213,0.0,45840.1,73408.805,842728.209,0.0,31.542,9.301,9.545,14.922,85.0,5.5,LST_ODISHA_2021_03.tif,3.0,1.0,1.0,3.0,3.0,1.0
Kandhamal,Kandhamal,21-390,2021_04,213,35094165.0,45840.1,73408.805,842728.209,35094165.0,0.0,9.301,9.545,14.922,85.0,5.5,LST_ODISHA_2021_04.tif,3.0,1.0,1.0,3.0,2.0,1.0
Kandhamal,Kandhamal,21-390,2021_05,213,16476228.0,45840.1,73408.805,842728.209,51570393.0,0.715,9.301,9.545,14.922,85.0,5.5,LST_ODISHA_2021_05.tif,2.0,1.0,1.0,3.0,2.0,1.0
Kandhamal,Kandhamal,21-390,2021_06,213,11410054.0,45840.1,73408.805,842728.209,62980447.0,0.161,9.301,9.545,14.922,85.0,5.5,LST_ODISHA_2021_06.tif,2.0,1.0,1.0,3.0,2.0,2.0
Kandhamal,Kandhamal,21-390,2021_07,213,0.0,45840.1,73408.805,842728.209,62980447.0,19.549,9.301,9.545,14.922,85.0,5.5,LST_ODISHA_2021_07.tif,4.0,1.0,1.0,3.0,3.0,3.0
Kandhamal,Kandhamal,21-390,2021_08,213,0.0,45840.1,73408.805,842728.209,62980447.0,25.068,9.301,9.545,14.922,85.0,5.5,LST_ODISHA_2021_08.tif,4.0,1.0,1.0,3.0,3.0,4.0
Kandhamal,Kandhamal,21-390,2021_09,213,0.0,45840.1,73408.805,842728.209,62980447.0,8.107,9.301,9.545,14.922,85.0,5.5,LST_ODISHA_2021_09.tif,5.0,1.0,1.0,3.0,4.0,2.0
Kandhamal,Kandhamal,21-390,2021_10,213,0.0,45840.1,73408.805,842728.209,62980447.0,55.478,9.301,9.545,14.922,85.0,5.5,LST_ODISHA_2021_10.tif,4.0,1.0,1.0,3.0,3.0,1.0
Kandhamal,Kandhamal,21-390,2021_11,213,15886437.0,45840.1,73408.805,842728.209,78866884.0,1.831,9.301,9.545,14.922,85.0,5.5,LST_ODISHA_2021_11.tif,3.0,1.0,1.0,3.0,3.0,1.0
Kandhamal,Kandhamal,21-390,2021_12,213,0.0,45840.1,73408.805,842728.209,78866884.0,0.0,9.301,9.545,14.922,85.0,5.5,LST_ODISHA_2021_12.tif,3.0,1.0,1.0,3.0,2.0,1.0
Kandhamal,Kandhamal,21-390,2022_01,213,0.0,47682.25,73881.155,853409.937,78866884.0,0.0,9.301,9.545,14.922,85.0,5.5,LST_ODISHA_2022_01.tif,3.0,1.0,1.0,3.0,3.0,1.0
Kandhamal,Kandhamal,21-390,2022_02,213,0.0,47682.25,73881.155,853409.937,78866884.0,0.0,9.301,9.545,14.922,85.0,5.5,LST_ODISHA_2022_02.tif,3.0,1.0,1.0,3.0,3.0,1.0
Kandhamal,Kandhamal,21-390,2022_03,213,0.0,47682.25,73881.155,853409.937,78866884.0,34.763,9.301,9.545,14.922,85.0,5.5,LST_ODISHA_2022_03.tif,2.0,1.0,1.0,3.0,2.0,1.0
Kandhamal,Kandhamal,21-390,2022_04,213,0.0,47682.25,73881.155,853409.937,0.0,2.184,9.301,9.545,14.922,85.0,5.5,LST_ODISHA_2022_04.tif,3.0,1.0,1.0,3.0,3.0,2.0
Kandhamal,Kandhamal,21-390,2022_05,213,4806228.97,47682.25,73881.155,853409.937,4806228.97,12.568,9.301,9.545,14.922,85.0,5.5,LST_ODISHA_2022_05.tif,3.0,1.0,1.0,3.0,3.0,2.0
Kandhamal,Kandhamal,21-390,2022_06,213,0.0,47682.25,73881.155,853409.937,4806228.97,19.04,9.301,9.545,14.922,85.0,5.5,LST_ODISHA_2022_06.tif,3.0,1.0,1.0,3.0,3.0,1.0
Kandhamal,Kandhamal,21-390,2022_07,213,0.0,47682.25,73881.155,853409.937,4806228.97,9.716,9.301,9.545,14.922,85.0,5.5,LST_ODISHA_2022_07.tif,2.0,1.0,1.0,3.0,2.0,3.0
Kandhamal,Kandhamal,21-390,2022_08,213,0.0,47682.25,73881.155,853409.937,4806228.97,20.843,9.301,9.545,14.922,85.0,5.5,LST_ODISHA_2022_08.tif,3.0,1.0,1.0,3.0,3.0,3.0
Kandhamal,Kandhamal,21-390,2022_09,213,0.0,47682.25,73881.155,853409.937,4806228.97,7.531,9.301,9.545,14.922,85.0,5.5,LST_ODISHA_2022_09.tif,2.0,1.0,1.0,3.0,2.0,2.0
Kandhamal,Kandhamal,21-390,2022_10,213,0.0,47682.25,73881.155,853409.937,4806228.97,25.771,9.301,9.545,14.922,85.0,5.5,LST_ODISHA_2022_10.tif,2.0,1.0,1.0,3.0,2.0,1.0
Kandhamal,Kandhamal,21-390,2022_11,213,0.0,47682.25,73881.155,853409.937,4806228.97,0.339,9.301,9.545,14.922,85.0,5.5,LST_ODISHA_2022_11.tif,3.0,1.0,1.0,3.0,2.0,1.0
Kandhamal,Kandhamal,21-390,2022_12,213,0.0,47682.25,73881.155,853409.937,4806228.97,0.807,9.301,9.545,14.922,85.0,5.5,LST_ODISHA_2022_12.tif,4.0,1.0,1.0,3.0,3.0,1.0
Kandhamal,Kandhamal,21-390,2023_01,213,0.0,49524.4,74353.505,864091.664,4806228.97,0.0,9.301,9.545,14.922,85.0,5.5,LST_ODISHA_2023_01.tif,3.0,1.0,1.0,3.0,3.0,1.0
Kandhamal,Kandhamal,21-390,2023_02,213,0.0,49524.4,74353.505,864091.664,4806228.97,0.035,9.301,9.545,14.922,85.0,5.5,LST_ODISHA_2023_02.tif,3.0,1.0,1.0,3.0,2.0,1.0
Kandhamal,Kandhamal,21-390,2023_03,213,500156.0,49524.4,74353.505,864091.664,5306384.97,5.685,9.301,9.545,14.922,85.0,5.5,LST_ODISHA_2023_03.tif,1.0,1.0,1.0,3.0,2.0,1.0
Kandhamal,Kandhamal,21-390,2023_04,213,0.0,49524.4,74353.505,864091.664,0.0,0.0,9.301,9.545,14.922,85.0,5.5,LST_ODISHA_2023_04.tif,3.0,1.0,1.0,3.0,1.0,1.0
Kandhamal,Kandhamal,21-390,2023_05,213,0.0,49524.4,74353.505,864091.664,0.0,1.349,9.301,9.545,14.922,85.0,5.5,LST_ODISHA_2023_05.tif,2.0,1.0,1.0,3.0,1.0,1.0
Kandhamal,Kandhamal,21-390,2023_06,213,0.0,49524.4,74353.505,864091.664,0.0,16.959,9.301,9.545,14.922,85.0,5.5,LST_ODISHA_2023_06.tif,2.0,1.0,1.0,3.0,1.0,2.0
Kandhamal,Kandhamal,21-390,2023_07,213,0.0,49524.4,74353.505,864091.664,0.0,25.677,9.301,9.545,14.922,85.0,5.5,LST_ODISHA_2023_07.tif,1.0,1.0,1.0,3.0,1.0,3.0
Kandhamal,Kandhamal,21-390,2023_08,213,0.0,49524.4,74353.505,864091.664,0.0,14.792,9.301,9.545,14.922,85.0,5.5,LST_ODISHA_2023_08.tif,2.0,1.0,1.0,3.0,2.0,1.0
Kandhamal,Kandhamal,21-390,2023_09,213,0.0,49524.4,74353.505,864091.664,0.0,23.083,9.301,9.545,14.922,85.0,5.5,LST_ODISHA_2023_09.tif,2.0,1.0,1.0,3.0,2.0,1.0
Kandhamal,Kandhamal,21-390,2023_10,213,0.0,49524.4,74353.505,864091.664,0.0,42.077,9.301,9.545,14.922,85.0,5.5,LST_ODISHA_2023_10.tif,3.0,1.0,1.0,3.0,2.0,1.0
Kandhamal,Kandhamal,21-390,2023_11,213,0.0,49524.4,74353.505,864091.664,0.0,7.586,9.301,9.545,14.922,85.0,5.5,LST_ODISHA_2023_11.tif,4.0,1.0,1.0,3.0,3.0,1.0
Kandhamal,Kandhamal,21-390,2023_12,213,0.0,49524.4,74353.505,864091.664,0.0,0.032,9.301,9.545,14.922,85.0,5.5,LST_ODISHA_2023_12.tif,5.0,1.0,1.0,3.0,4.0,1.0
Kandhamal,Kandhamal,21-390,2024_01,213,0.0,51366.55,74825.855,874773.392,0.0,0.0,9.301,9.545,14.922,85.0,5.5,LST_ODISHA_2024_01.tif,3.0,1.0,1.0,3.0,1.0,2.0
Kandhamal,Kandhamal,21-390,2024_02,213,0.0,51366.55,74825.855,874773.392,0.0,0.023,9.301,9.545,14.922,85.0,5.5,LST_ODISHA_2024_02.tif,2.0,1.0,1.0,3.0,2.0,2.0
Kandhamal,Kandhamal,21-390,2024_03,213,0.0,51366.55,74825.855,874773.392,0.0,30.709,9.301,9.545,14.922,85.0,5.5,LST_ODISHA_2024_03.tif,2.0,1.0,1.0,3.0,2.0,2.0
Kandhamal,Kandhamal,21-390,2024_04,213,0.0,51366.55,74825.855,874773.392,0.0,6.226,9.301,9.545,14.922,85.0,5.5,LST_ODISHA_2024_04.tif,3.0,1.0,1.0,3.0,3.0,2.0
Kandhamal,Kandhamal,21-390,2024_05,213,0.0,51366.55,74825.855,874773.392,0.0,29.931,9.301,9.545,14.922,85.0,5.5,LST_ODISHA_2024_05.tif,3.0,1.0,1.0,4.0,3.0,1.0
Kandhamal,Kandhamal,21-390,2024_06,213,0.0,51366.55,74825.855,874773.392,0.0,37.299,9.301,9.545,14.922,85.0,5.5,LST_ODISHA_2024_06.tif,3.0,1.0,1.0,4.0,3.0,1.0
Kandhamal,Kandhamal,21-390,2024_07,213,0.0,51366.55,74825.855,874773.392,0.0,16.306,9.301,9.545,14.922,85.0,5.5,LST_ODISHA_2024_07.tif,3.0,1.0,1.0,4.0,3.0,4.0
Kandhamal,Kandhamal,21-390,2024_08,213,0.0,51366.55,74825.855,874773.392,0.0,5.836,9.301,9.545,14.922,85.0,5.5,LST_ODISHA_2024_08.tif,3.0,1.0,1.0,4.0,3.0,2.0
Kandhamal,Kandhamal,21-390,2024_09,213,0.0,51366.55,74825.855,874773.392,0.0,18.638,9.301,9.545,14.922,85.0,5.5,LST_ODISHA_2024_09.tif,3.0,1.0,1.0,4.0,3.0,1.0
Kandhamal,Kandhamal,21-390,2024_10,213,0.0,51366.55,74825.855,874773.392,0.0,72.66,9.301,9.545,14.922,85.0,5.5,LST_ODISHA_2024_10.tif,3.0,1.0,1.0,4.0,3.0,1.0
Kandhamal,Kandhamal,21-390,2024_11,213,18497018.0,51366.55,74825.855,874773.392,18497018.0,2.918,9.301,9.545,14.922,85.0,5.5,LST_ODISHA_2024_11.tif,3.0,1.0,1.0,3.0,2.0,1.0
Kandhamal,Kandhamal,21-390,2024_12,213,0.0,51366.55,74825.855,874773.392,18497018.0,0.027,9.301,9.545,14.922,85.0,5.5,LST_ODISHA_2024_12.tif,3.0,1.0,1.0,3.0,2.0,1.0
Kandhamal,Kandhamal,21-390,2025_01,213,0.0,53208.7,75298.205,885455.12,18497018.0,0.0,9.301,9.545,14.922,85.0,5.5,LST_ODISHA_2025_01.tif,3.0,1.0,1.0,3.0,2.0,1.0
Kandhamal,Kandhamal,21-390,2025_02,213,0.0,53208.7,75298.205,885455.12,18497018.0,0.031,9.301,9.545,14.922,85.0,5.5,LST_ODISHA_2025_02.tif,3.0,1.0,1.0,3.0,2.0,1.0
Kandhamal,Kandhamal,21-390,2025_03,213,0.0,53208.7,75298.205,885455.12,18497018.0,41.056,9.301,9.545,14.922,85.0,5.5,LST_ODISHA_2025_03.tif,3.0,1.0,1.0,4.0,3.0,2.0
Kandhamal,Kandhamal,21-390,2025_04,213,713015.0,53208.7,75298.205,885455.12,713015.0,2.61,9.301,9.545,14.922,85.0,5.5,LST_ODISHA_2025_04.tif,3.0,1.0,1.0,3.0,3.0,2.0
Kandhamal,Kandhamal,21-390,2025_05,213,1405887.0,53208.7,75298.205,885455.12,2118902.0,4.158,9.301,9.545,14.922,85.0,5.5,LST_ODISHA_2025_05.tif,2.0,1.0,1.0,3.0,2.0,1.0
Kandhamal,Kandhamal,21-390,2025_06,213,0.0,53208.7,75298.205,885455.12,2118902.0,0.078,9.301,9.545,14.922,85.0,5.5,LST_ODISHA_2025_06.tif,2.0,1.0,1.0,3.0,2.0,1.0
Kandhamal,Kandhamal,21-390,2025_07,213,5751036.792,53208.7,75298.205,885455.12,7869938.792,25.04,9.301,9.545,14.922,85.0,5.5,LST_ODISHA_2025_07.tif,4.0,1.0,1.0,3.0,3.0,3.0
Kandhamal,Kandhamal,21-390,2025_08,213,0.0,53208.7,75298.205,885455.12,7869938.792,23.645,9.301,9.545,14.922,85.0,5.5,LST_ODISHA_2025_08.tif,3.0,1.0,1.0,3.0,3.0,2.0
Kandhamal,Kandhamal,21-390,2025_09,213,7010105.0,53208.7,75298.205,885455.12,14880043.792,14.028,9.301,9.545,14.922,85.0,5.5,LST_ODISHA_2025_09.tif,3.0,1.0,1.0,3.0,2.0,1.0
Kandhamal,Kandhamal,21-390,2025_10,213,16753373.034,53208.7,75298.205,885455.12,31633416.826,39.779,9.301,9.545,14.922,85.0,5.5,LST_ODISHA_2025_10.tif,2.0,1.0,1.0,3.0,2.0,1.0
Kandhamal,Kandhamal,21-390,2025_11,213,0.0,53208.7,75298.205,885455.12,31633416.826,1.593,9.301,9.545,14.922,85.0,5.5,LST_ODISHA_2025_11.tif,2.0,1.0,1.0,3.0,2.0,1.0
Kandhamal,Kandhamal,21-390,2025_12,213,0.0,53208.7,75298.205,885455.12,31633416.826,0.0,9.301,9.545,14.922,85.0,5.5,LST_ODISHA_2025_12.tif,3.0,1.0,1.0,3.0,3.0,1.0
Kandhamal,Kandhamal,21-390,2026_01,213,0.0,55050.85,75770.555,896136.848,31633416.826,0.0,9.301,9.545,14.922,85.0,5.5,LST_ODISHA_2026_01.tif,3.0,1.0,1.0,3.0,3.0,1.0
Kandhamal,Kandhamal,21-390,2026_02,213,0.0,55050.85,75770.555,896136.848,31633416.826,0.0,9.301,9.545,14.922,85.0,5.5,LST_ODISHA_2026_02.tif,3.0,1.0,1.0,3.0,3.0,1.0
Kandhamal,Kandhamal,21-390,2026_03,213,0.0,55050.85,75770.555,896136.848,31633416.826,23.097,9.301,9.545,14.922,85.0,5.5,LST_ODISHA_2026_03.tif,2.0,1.0,1.0,3.0,2.0,2.0
Kendrapara,Kendrapara,21-379,2021_01,278,0.0,178055.895,130281.8,1716380.246,0.0,0.0,10.751,19.389,14.138,81.0,7.745,LST_ODISHA_2021_01.tif,3.0,4.0,1.0,3.0,2.0,3.0
Kendrapara,Kendrapara,21-379,2021_02,278,0.0,178055.895,130281.8,1716380.246,0.0,0.075,10.751,19.389,14.138,81.0,7.745,LST_ODISHA_2021_02.tif,3.0,4.0,1.0,3.0,2.0,4.0
Kendrapara,Kendrapara,21-379,2021_03,278,0.0,178055.895,130281.8,1716380.246,0.0,33.254,10.751,19.389,14.138,81.0,7.745,LST_ODISHA_2021_03.tif,3.0,4.0,1.0,3.0,3.0,3.0
Kendrapara,Kendrapara,21-379,2021_04,278,20316996.0,178055.895,130281.8,1716380.246,20316996.0,0.0,10.751,19.389,14.138,81.0,7.745,LST_ODISHA_2021_04.tif,3.0,4.0,1.0,3.0,2.0,2.0
Kendrapara,Kendrapara,21-379,2021_05,278,0.0,178055.895,130281.8,1716380.246,20316996.0,0.598,10.751,19.389,14.138,81.0,7.745,LST_ODISHA_2021_05.tif,2.0,4.0,1.0,3.0,2.0,2.0
Kendrapara,Kendrapara,21-379,2021_06,278,0.0,178055.895,130281.8,1716380.246,20316996.0,2.735,10.751,19.389,14.138,81.0,7.745,LST_ODISHA_2021_06.tif,4.0,4.0,1.0,3.0,3.0,1.0
Kendrapara,Kendrapara,21-379,2021_07,278,0.0,178055.895,130281.8,1716380.246,20316996.0,18.409,10.751,19.389,14.138,81.0,7.745,LST_ODISHA_2021_07.tif,3.0,4.0,1.0,3.0,3.0,0.0
Kendrapara,Kendrapara,21-379,2021_08,278,25049876.0,178055.895,130281.8,1716380.246,45366872.0,23.824,10.751,19.389,14.138,81.0,7.745,LST_ODISHA_2021_08.tif,4.0,4.0,1.0,3.0,4.0,0.0
Kendrapara,Kendrapara,21-379,2021_09,278,0.0,178055.895,130281.8,1716380.246,45366872.0,3.007,10.751,19.389,14.138,81.0,7.745,LST_ODISHA_2021_09.tif,3.0,4.0,1.0,3.0,3.0,2.0
Kendrapara,Kendrapara,21-379,2021_10,278,0.0,178055.895,130281.8,1716380.246,45366872.0,47.624,10.751,19.389,14.138,81.0,7.745,LST_ODISHA_2021_10.tif,1.0,4.0,1.0,3.0,2.0,3.0
Kendrapara,Kendrapara,21-379,2021_11,278,0.0,178055.895,130281.8,1716380.246,45366872.0,1.311,10.751,19.389,14.138,81.0,7.745,LST_ODISHA_2021_11.tif,3.0,4.0,1.0,3.0,3.0,3.0
Kendrapara,Kendrapara,21-379,2021_12,278,0.0,178055.895,130281.8,1716380.246,45366872.0,0.0,10.751,19.389,14.138,81.0,7.745,LST_ODISHA_2021_12.tif,3.0,4.0,1.0,3.0,2.0,3.0
Kendrapara,Kendrapara,21-379,2022_01,278,0.0,184070.2,130496.877,1733126.768,45366872.0,0.0,10.751,19.389,14.138,81.0,7.745,LST_ODISHA_2022_01.tif,3.0,4.0,1.0,3.0,3.0,3.0
Kendrapara,Kendrapara,21-379,2022_02,278,0.0,184070.2,130496.877,1733126.768,45366872.0,0.0,10.751,19.389,14.138,81.0,7.745,LST_ODISHA_2022_02.tif,3.0,4.0,1.0,3.0,3.0,3.0
Kendrapara,Kendrapara,21-379,2022_03,278,0.0,184070.2,130496.877,1733126.768,45366872.0,34.929,10.751,19.389,14.138,81.0,7.745,LST_ODISHA_2022_03.tif,2.0,4.0,1.0,3.0,2.0,1.0
Kendrapara,Kendrapara,21-379,2022_04,278,0.0,184070.2,130496.877,1733126.768,0.0,5.368,10.751,19.389,14.138,81.0,7.745,LST_ODISHA_2022_04.tif,5.0,4.0,1.0,3.0,4.0,1.0
Kendrapara,Kendrapara,21-379,2022_05,278,0.0,184070.2,130496.877,1733126.768,0.0,4.29,10.751,19.389,14.138,81.0,7.745,LST_ODISHA_2022_05.tif,2.0,4.0,1.0,3.0,2.0,2.0
Kendrapara,Kendrapara,21-379,2022_06,278,0.0,184070.2,130496.877,1733126.768,0.0,8.913,10.751,19.389,14.138,81.0,7.745,LST_ODISHA_2022_06.tif,1.0,4.0,1.0,3.0,2.0,2.0
Kendrapara,Kendrapara,21-379,2022_07,278,0.0,184070.2,130496.877,1733126.768,0.0,7.648,10.751,19.389,14.138,81.0,7.745,LST_ODISHA_2022_07.tif,1.0,4.0,1.0,3.0,2.0,0.0
Kendrapara,Kendrapara,21-379,2022_08,278,0.0,184070.2,130496.877,1733126.768,0.0,21.737,10.751,19.389,14.138,81.0,7.745,LST_ODISHA_2022_08.tif,4.0,4.0,1.0,3.0,4.0,3.0
Kendrapara,Kendrapara,21-379,2022_09,278,0.0,184070.2,130496.877,1733126.768,0.0,9.398,10.751,19.389,14.138,81.0,7.745,LST_ODISHA_2022_09.tif,3.0,4.0,1.0,3.0,3.0,3.0
Kendrapara,Kendrapara,21-379,2022_10,278,0.0,184070.2,130496.877,1733126.768,0.0,30.68,10.751,19.389,14.138,81.0,7.745,LST_ODISHA_2022_10.tif,3.0,4.0,1.0,3.0,3.0,2.0
Kendrapara,Kendrapara,21-379,2022_11,278,607844.0,184070.2,130496.877,1733126.768,607844.0,0.0,10.751,19.389,14.138,81.0,7.745,LST_ODISHA_2022_11.tif,3.0,4.0,1.0,3.0,2.0,3.0
Kendrapara,Kendrapara,21-379,2022_12,278,0.0,184070.2,130496.877,1733126.768,607844.0,0.0,10.751,19.389,14.138,81.0,7.745,LST_ODISHA_2022_12.tif,3.0,4.0,1.0,3.0,2.0,4.0
Kendrapara,Kendrapara,21-379,2023_01,278,0.0,190084.505,130711.954,1749873.29,607844.0,0.0,10.751,19.389,14.138,81.0,7.745,LST_ODISHA_2023_01.tif,3.0,4.0,1.0,3.0,3.0,3.0
Kendrapara,Kendrapara,21-379,2023_02,278,0.0,190084.505,130711.954,1749873.29,607844.0,0.016,10.751,19.389,14.138,81.0,7.745,LST_ODISHA_2023_02.tif,3.0,4.0,1.0,3.0,2.0,4.0
Kendrapara,Kendrapara,21-379,2023_03,278,0.0,190084.505,130711.954,1749873.29,607844.0,14.36,10.751,19.389,14.138,81.0,7.745,LST_ODISHA_2023_03.tif,4.0,4.0,1.0,3.0,4.0,2.0
Kendrapara,Kendrapara,21-379,2023_04,278,0.0,190084.505,130711.954,1749873.29,0.0,2.624,10.751,19.389,14.138,81.0,7.745,LST_ODISHA_2023_04.tif,4.0,4.0,1.0,3.0,3.0,2.0
Kendrapara,Kendrapara,21-379,2023_05,278,0.0,190084.505,130711.954,1749873.29,0.0,13.651,10.751,19.389,14.138,81.0,7.745,LST_ODISHA_2023_05.tif,4.0,4.0,1.0,3.0,3.0,3.0
Kendrapara,Kendrapara,21-379,2023_06,278,0.0,190084.505,130711.954,1749873.29,0.0,25.361,10.751,19.389,14.138,81.0,7.745,LST_ODISHA_2023_06.tif,3.0,4.0,1.0,3.0,2.0,3.0
Kendrapara,Kendrapara,21-379,2023_07,278,0.0,190084.505,130711.954,1749873.29,0.0,36.81,10.751,19.389,14.138,81.0,7.745,LST_ODISHA_2023_07.tif,3.0,4.0,1.0,3.0,3.0,0.0
Kendrapara,Kendrapara,21-379,2023_08,278,0.0,190084.505,130711.954,1749873.29,0.0,23.403,10.751,19.389,14.138,81.0,7.745,LST_ODISHA_2023_08.tif,4.0,4.0,1.0,3.0,3.0,3.0
Kendrapara,Kendrapara,21-379,2023_09,278,0.0,190084.505,130711.954,1749873.29,0.0,25.265,10.751,19.389,14.138,81.0,7.745,LST_ODISHA_2023_09.tif,2.0,4.0,1.0,3.0,2.0,4.0
Kendrapara,Kendrapara,21-379,2023_10,278,0.0,190084.505,130711.954,1749873.29,0.0,43.68,10.751,19.389,14.138,81.0,7.745,LST_ODISHA_2023_10.tif,3.0,4.0,1.0,3.0,3.0,4.0
Kendrapara,Kendrapara,21-379,2023_11,278,0.0,190084.505,130711.954,1749873.29,0.0,3.399,10.751,19.389,14.138,81.0,7.745,LST_ODISHA_2023_11.tif,2.0,4.0,1.0,3.0,1.0,2.0
Kendrapara,Kendrapara,21-379,2023_12,278,0.0,190084.505,130711.954,1749873.29,0.0,0.0,10.751,19.389,14.138,81.0,7.745,LST_ODISHA_2023_12.tif,3.0,4.0,1.0,3.0,1.0,4.0
Kendrapara,Kendrapara,21-379,2024_01,278,0.0,196098.81,130927.031,1766619.812,0.0,0.0,10.751,19.389,14.138,81.0,7.745,LST_ODISHA_2024_01.tif,3.0,4.0,1.0,3.0,2.0,4.0
Kendrapara,Kendrapara,21-379,2024_02,278,0.0,196098.81,130927.031,1766619.812,0.0,1.384,10.751,19.389,14.138,81.0,7.745,LST_ODISHA_2024_02.tif,5.0,4.0,1.0,3.0,4.0,4.0
Kendrapara,Kendrapara,21-379,2024_03,278,718396598.0,196098.81,130927.031,1766619.812,718396598.0,41.651,10.751,19.389,14.138,81.0,7.745,LST_ODISHA_2024_03.tif,4.0,4.0,1.0,1.0,3.0,2.0
Kendrapara,Kendrapara,21-379,2024_04,278,106519753.31,196098.81,130927.031,1766619.812,106519753.31,18.817,10.751,19.389,14.138,81.0,7.745,LST_ODISHA_2024_04.tif,5.0,4.0,1.0,1.0,3.0,2.0
Kendrapara,Kendrapara,21-379,2024_05,278,869378.0,196098.81,130927.031,1766619.812,107389131.31,25.155,10.751,19.389,14.138,81.0,7.745,LST_ODISHA_2024_05.tif,2.0,4.0,1.0,1.0,2.0,1.0
Kendrapara,Kendrapara,21-379,2024_06,278,4013971.0,196098.81,130927.031,1766619.812,111403102.31,35.399,10.751,19.389,14.138,81.0,7.745,LST_ODISHA_2024_06.tif,3.0,4.0,1.0,1.0,2.0,1.0
Kendrapara,Kendrapara,21-379,2024_07,278,0.0,196098.81,130927.031,1766619.812,111403102.31,20.709,10.751,19.389,14.138,81.0,7.745,LST_ODISHA_2024_07.tif,3.0,4.0,1.0,1.0,3.0,0.0
Kendrapara,Kendrapara,21-379,2024_08,278,6278063.11,196098.81,130927.031,1766619.812,117681165.42,8.243,10.751,19.389,14.138,81.0,7.745,LST_ODISHA_2024_08.tif,3.0,4.0,1.0,2.0,2.0,0.0
Kendrapara,Kendrapara,21-379,2024_09,278,0.0,196098.81,130927.031,1766619.812,117681165.42,19.638,10.751,19.389,14.138,81.0,7.745,LST_ODISHA_2024_09.tif,3.0,4.0,1.0,2.0,3.0,2.0
Kendrapara,Kendrapara,21-379,2024_10,278,14868761.14,196098.81,130927.031,1766619.812,132549926.56,66.303,10.751,19.389,14.138,81.0,7.745,LST_ODISHA_2024_10.tif,1.0,4.0,1.0,2.0,1.0,4.0
Kendrapara,Kendrapara,21-379,2024_11,278,0.0,196098.81,130927.031,1766619.812,132549926.56,2.384,10.751,19.389,14.138,81.0,7.745,LST_ODISHA_2024_11.tif,3.0,4.0,1.0,2.0,2.0,4.0
Kendrapara,Kendrapara,21-379,2024_12,278,0.0,196098.81,130927.031,1766619.812,132549926.56,0.0,10.751,19.389,14.138,81.0,7.745,LST_ODISHA_2024_12.tif,3.0,4.0,1.0,2.0,1.0,3.0
Kendrapara,Kendrapara,21-379,2025_01,278,0.0,202113.115,131142.108,1783366.334,132549926.56,0.0,10.751,19.389,14.138,81.0,7.745,LST_ODISHA_2025_01.tif,3.0,4.0,1.0,2.0,2.0,4.0
Kendrapara,Kendrapara,21-379,2025_02,278,3535364.0,202113.115,131142.108,1783366.334,136085290.56,0.0,10.751,19.389,14.138,81.0,7.745,LST_ODISHA_2025_02.tif,3.0,4.0,1.0,2.0,1.0,2.0
Kendrapara,Kendrapara,21-379,2025_03,278,0.0,202113.115,131142.108,1783366.334,136085290.56,38.988,10.751,19.389,14.138,81.0,7.745,LST_ODISHA_2025_03.tif,2.0,4.0,1.0,2.0,2.0,2.0
Kendrapara,Kendrapara,21-379,2025_04,278,2073494.0,202113.115,131142.108,1783366.334,2073494.0,6.618,10.751,19.389,14.138,81.0,7.745,LST_ODISHA_2025_04.tif,4.0,4.0,1.0,3.0,3.0,1.0
Kendrapara,Kendrapara,21-379,2025_05,278,68472650.0,202113.115,131142.108,1783366.334,70546144.0,0.995,10.751,19.389,14.138,81.0,7.745,LST_ODISHA_2025_05.tif,2.0,4.0,1.0,2.0,2.0,3.0
Kendrapara,Kendrapara,21-379,2025_06,278,0.0,202113.115,131142.108,1783366.334,70546144.0,1.812,10.751,19.389,14.138,81.0,7.745,LST_ODISHA_2025_06.tif,3.0,4.0,1.0,2.0,2.0,1.0
Kendrapara,Kendrapara,21-379,2025_07,278,76762591.0,202113.115,131142.108,1783366.334,147308735.0,14.262,10.751,19.389,14.138,81.0,7.745,LST_ODISHA_2025_07.tif,2.0,4.0,1.0,1.0,2.0,2.0
Kendrapara,Kendrapara,21-379,2025_08,278,0.0,202113.115,131142.108,1783366.334,147308735.0,21.098,10.751,19.389,14.138,81.0,7.745,LST_ODISHA_2025_08.tif,2.0,4.0,1.0,1.0,2.0,0.0
Kendrapara,Kendrapara,21-379,2025_09,278,3531511.0,202113.115,131142.108,1783366.334,150840246.0,7.172,10.751,19.389,14.138,81.0,7.745,LST_ODISHA_2025_09.tif,2.0,4.0,1.0,1.0,1.0,4.0
Kendrapara,Kendrapara,21-379,2025_10,278,0.0,202113.115,131142.108,1783366.334,150840246.0,38.517,10.751,19.389,14.138,81.0,7.745,LST_ODISHA_2025_10.tif,2.0,4.0,1.0,2.0,2.0,4.0
Kendrapara,Kendrapara,21-379,2025_11,278,0.0,202113.115,131142.108,1783366.334,150840246.0,3.598,10.751,19.389,14.138,81.0,7.745,LST_ODISHA_2025_11.tif,4.0,4.0,1.0,2.0,3.0,4.0
Kendrapara,Kendrapara,21-379,2025_12,278,0.0,202113.115,131142.108,1783366.334,150840246.0,0.0,10.751,19.389,14.138,81.0,7.745,LST_ODISHA_2025_12.tif,3.0,4.0,1.0,2.0,2.0,4.0
Kendrapara,Kendrapara,21-379,2026_01,278,0.0,208127.42,131357.185,1800112.855,150840246.0,0.0,10.751,19.389,14.138,81.0,7.745,LST_ODISHA_2026_01.tif,3.0,4.0,1.0,2.0,2.0,3.0
Kendrapara,Kendrapara,21-379,2026_02,278,0.0,208127.42,131357.185,1800112.855,150840246.0,0.0,10.751,19.389,14.138,81.0,7.745,LST_ODISHA_2026_02.tif,3.0,4.0,1.0,2.0,2.0,4.0
Kendrapara,Kendrapara,21-379,2026_03,278,0.0,208127.42,131357.185,1800112.855,150840246.0,28.471,10.751,19.389,14.138,81.0,7.745,LST_ODISHA_2026_03.tif,3.0,4.0,1.0,2.0,3.0,2.0
Kendujhar,Kendujhar,21-375,2021_01,420,0.0,112101.845,176899.505,2141044.695,0.0,0.0,8.438,11.671,15.692,93.5,5.75,LST_ODISHA_2021_01.tif,3.0,3.0,4.0,3.0,4.0,2.0
Kendujhar,Kendujhar,21-375,2021_02,420,0.0,112101.845,176899.505,2141044.695,0.0,1.357,8.438,11.671,15.692,93.5,5.75,LST_ODISHA_2021_02.tif,5.0,3.0,4.0,3.0,5.0,4.0
Kendujhar,Kendujhar,21-375,2021_03,420,0.0,112101.845,176899.505,2141044.695,0.0,42.387,8.438,11.671,15.692,93.5,5.75,LST_ODISHA_2021_03.tif,5.0,3.0,4.0,3.0,5.0,4.0
Kendujhar,Kendujhar,21-375,2021_04,420,0.0,112101.845,176899.505,2141044.695,0.0,0.0,8.438,11.671,15.692,93.5,5.75,LST_ODISHA_2021_04.tif,3.0,3.0,4.0,3.0,2.0,4.0
Kendujhar,Kendujhar,21-375,2021_05,420,0.0,112101.845,176899.505,2141044.695,0.0,2.346,8.438,11.671,15.692,93.5,5.75,LST_ODISHA_2021_05.tif,3.0,3.0,4.0,4.0,3.0,1.0
Kendujhar,Kendujhar,21-375,2021_06,420,0.0,112101.845,176899.505,2141044.695,0.0,1.214,8.438,11.671,15.692,93.5,5.75,LST_ODISHA_2021_06.tif,3.0,3.0,4.0,4.0,3.0,1.0
Kendujhar,Kendujhar,21-375,2021_07,420,3403608.0,112101.845,176899.505,2141044.695,3403608.0,24.105,8.438,11.671,15.692,93.5,5.75,LST_ODISHA_2021_07.tif,5.0,3.0,4.0,4.0,5.0,1.0
Kendujhar,Kendujhar,21-375,2021_08,420,0.0,112101.845,176899.505,2141044.695,3403608.0,20.588,8.438,11.671,15.692,93.5,5.75,LST_ODISHA_2021_08.tif,2.0,3.0,4.0,3.0,3.0,3.0
Kendujhar,Kendujhar,21-375,2021_09,420,2671170714.51,112101.845,176899.505,2141044.695,2674574322.51,1.598,8.438,11.671,15.692,93.5,5.75,LST_ODISHA_2021_09.tif,2.0,3.0,4.0,1.0,2.0,3.0
Kendujhar,Kendujhar,21-375,2021_10,420,0.0,112101.845,176899.505,2141044.695,2674574322.51,51.768,8.438,11.671,15.692,93.5,5.75,LST_ODISHA_2021_10.tif,3.0,3.0,4.0,1.0,3.0,2.0
Kendujhar,Kendujhar,21-375,2021_11,420,57999960.0,112101.845,176899.505,2141044.695,2732574282.51,0.228,8.438,11.671,15.692,93.5,5.75,LST_ODISHA_2021_11.tif,2.0,3.0,4.0,1.0,2.0,3.0
Kendujhar,Kendujhar,21-375,2021_12,420,0.0,112101.845,176899.505,2141044.695,2732574282.51,0.0,8.438,11.671,15.692,93.5,5.75,LST_ODISHA_2021_12.tif,3.0,3.0,4.0,1.0,2.0,2.0
Kendujhar,Kendujhar,21-375,2022_01,420,9275255.0,116634.705,178231.927,2170847.616,2741849537.51,0.0,8.438,11.671,15.692,93.5,5.75,LST_ODISHA_2022_01.tif,3.0,3.0,4.0,1.0,3.0,2.0
Kendujhar,Kendujhar,21-375,2022_02,420,0.0,116634.705,178231.927,2170847.616,2741849537.51,0.0,8.438,11.671,15.692,93.5,5.75,LST_ODISHA_2022_02.tif,3.0,3.0,4.0,1.0,3.0,2.0
Kendujhar,Kendujhar,21-375,2022_03,420,0.0,116634.705,178231.927,2170847.616,2741849537.51,39.709,8.438,11.671,15.692,93.5,5.75,LST_ODISHA_2022_03.tif,4.0,3.0,4.0,1.0,3.0,2.0
Kendujhar,Kendujhar,21-375,2022_04,420,0.0,116634.705,178231.927,2170847.616,0.0,2.539,8.438,11.671,15.692,93.5,5.75,LST_ODISHA_2022_04.tif,3.0,3.0,4.0,3.0,3.0,3.0
Kendujhar,Kendujhar,21-375,2022_05,420,0.0,116634.705,178231.927,2170847.616,0.0,12.958,8.438,11.671,15.692,93.5,5.75,LST_ODISHA_2022_05.tif,3.0,3.0,4.0,3.0,4.0,3.0
Kendujhar,Kendujhar,21-375,2022_06,420,0.0,116634.705,178231.927,2170847.616,0.0,23.434,8.438,11.671,15.692,93.5,5.75,LST_ODISHA_2022_06.tif,4.0,3.0,4.0,3.0,4.0,1.0
Kendujhar,Kendujhar,21-375,2022_07,420,0.0,116634.705,178231.927,2170847.616,0.0,12.036,8.438,11.671,15.692,93.5,5.75,LST_ODISHA_2022_07.tif,4.0,3.0,4.0,3.0,4.0,2.0
Kendujhar,Kendujhar,21-375,2022_08,420,0.0,116634.705,178231.927,2170847.616,0.0,16.481,8.438,11.671,15.692,93.5,5.75,LST_ODISHA_2022_08.tif,2.0,3.0,4.0,3.0,3.0,4.0
Kendujhar,Kendujhar,21-375,2022_09,420,0.0,116634.705,178231.927,2170847.616,0.0,8.961,8.438,11.671,15.692,93.5,5.75,LST_ODISHA_2022_09.tif,3.0,3.0,4.0,3.0,3.0,4.0
Kendujhar,Kendujhar,21-375,2022_10,420,0.0,116634.705,178231.927,2170847.616,0.0,31.512,8.438,11.671,15.692,93.5,5.75,LST_ODISHA_2022_10.tif,3.0,3.0,4.0,3.0,4.0,3.0
Kendujhar,Kendujhar,21-375,2022_11,420,16030990.0,116634.705,178231.927,2170847.616,16030990.0,0.0,8.438,11.671,15.692,93.5,5.75,LST_ODISHA_2022_11.tif,3.0,3.0,4.0,3.0,2.0,3.0
Kendujhar,Kendujhar,21-375,2022_12,420,0.0,116634.705,178231.927,2170847.616,16030990.0,0.0,8.438,11.671,15.692,93.5,5.75,LST_ODISHA_2022_12.tif,3.0,3.0,4.0,3.0,2.0,3.0
Kendujhar,Kendujhar,21-375,2023_01,420,0.0,121167.565,179564.349,2200650.536,16030990.0,0.0,8.438,11.671,15.692,93.5,5.75,LST_ODISHA_2023_01.tif,3.0,3.0,4.0,3.0,4.0,3.0
Kendujhar,Kendujhar,21-375,2023_02,420,34903208.0,121167.565,179564.349,2200650.536,50934198.0,0.148,8.438,11.671,15.692,93.5,5.75,LST_ODISHA_2023_02.tif,4.0,3.0,4.0,3.0,4.0,4.0
Kendujhar,Kendujhar,21-375,2023_03,420,897812.0,121167.565,179564.349,2200650.536,51832010.0,12.844,8.438,11.671,15.692,93.5,5.75,LST_ODISHA_2023_03.tif,3.0,3.0,4.0,3.0,4.0,3.0
Kendujhar,Kendujhar,21-375,2023_04,420,0.0,121167.565,179564.349,2200650.536,0.0,0.0,8.438,11.671,15.692,93.5,5.75,LST_ODISHA_2023_04.tif,3.0,3.0,4.0,3.0,2.0,3.0
Kendujhar,Kendujhar,21-375,2023_05,420,0.0,121167.565,179564.349,2200650.536,0.0,7.287,8.438,11.671,15.692,93.5,5.75,LST_ODISHA_2023_05.tif,3.0,3.0,4.0,3.0,3.0,2.0
Kendujhar,Kendujhar,21-375,2023_06,420,0.0,121167.565,179564.349,2200650.536,0.0,25.109,8.438,11.671,15.692,93.5,5.75,LST_ODISHA_2023_06.tif,3.0,3.0,4.0,3.0,3.0,2.0
Kendujhar,Kendujhar,21-375,2023_07,420,0.0,121167.565,179564.349,2200650.536,0.0,35.677,8.438,11.671,15.692,93.5,5.75,LST_ODISHA_2023_07.tif,3.0,3.0,4.0,3.0,3.0,1.0
Kendujhar,Kendujhar,21-375,2023_08,420,0.0,121167.565,179564.349,2200650.536,0.0,19.182,8.438,11.671,15.692,93.5,5.75,LST_ODISHA_2023_08.tif,3.0,3.0,4.0,3.0,3.0,5.0
Kendujhar,Kendujhar,21-375,2023_09,420,0.0,121167.565,179564.349,2200650.536,0.0,26.416,8.438,11.671,15.692,93.5,5.75,LST_ODISHA_2023_09.tif,2.0,3.0,4.0,3.0,2.0,4.0
Kendujhar,Kendujhar,21-375,2023_10,420,0.0,121167.565,179564.349,2200650.536,0.0,41.841,8.438,11.671,15.692,93.5,5.75,LST_ODISHA_2023_10.tif,3.0,3.0,4.0,3.0,3.0,3.0
Kendujhar,Kendujhar,21-375,2023_11,420,0.0,121167.565,179564.349,2200650.536,0.0,3.853,8.438,11.671,15.692,93.5,5.75,LST_ODISHA_2023_11.tif,2.0,3.0,4.0,3.0,2.0,2.0
Kendujhar,Kendujhar,21-375,2023_12,420,0.0,121167.565,179564.349,2200650.536,0.0,0.0,8.438,11.671,15.692,93.5,5.75,LST_ODISHA_2023_12.tif,3.0,3.0,4.0,3.0,2.0,2.0
Kendujhar,Kendujhar,21-375,2024_01,420,0.0,125700.425,180896.771,2230453.456,0.0,0.0,8.438,11.671,15.692,93.5,5.75,LST_ODISHA_2024_01.tif,3.0,3.0,4.0,3.0,4.0,2.0
Kendujhar,Kendujhar,21-375,2024_02,420,964025.52,125700.425,180896.771,2230453.456,964025.52,0.155,8.438,11.671,15.692,93.5,5.75,LST_ODISHA_2024_02.tif,3.0,3.0,4.0,2.0,3.0,2.0
Kendujhar,Kendujhar,21-375,2024_03,420,30308525.82,125700.425,180896.771,2230453.456,31272551.34,34.825,8.438,11.671,15.692,93.5,5.75,LST_ODISHA_2024_03.tif,3.0,3.0,4.0,3.0,4.0,3.0
Kendujhar,Kendujhar,21-375,2024_04,420,229458.0,125700.425,180896.771,2230453.456,229458.0,2.821,8.438,11.671,15.692,93.5,5.75,LST_ODISHA_2024_04.tif,2.0,3.0,4.0,3.0,2.0,3.0
Kendujhar,Kendujhar,21-375,2024_05,420,71149848.46,125700.425,180896.771,2230453.456,71379306.46,24.946,8.438,11.671,15.692,93.5,5.75,LST_ODISHA_2024_05.tif,2.0,3.0,4.0,2.0,2.0,1.0
Kendujhar,Kendujhar,21-375,2024_06,420,0.0,125700.425,180896.771,2230453.456,71379306.46,48.361,8.438,11.671,15.692,93.5,5.75,LST_ODISHA_2024_06.tif,4.0,3.0,4.0,2.0,4.0,3.0
Kendujhar,Kendujhar,21-375,2024_07,420,0.0,125700.425,180896.771,2230453.456,71379306.46,21.85,8.438,11.671,15.692,93.5,5.75,LST_ODISHA_2024_07.tif,3.0,3.0,4.0,2.0,4.0,3.0
Kendujhar,Kendujhar,21-375,2024_08,420,0.0,125700.425,180896.771,2230453.456,71379306.46,6.06,8.438,11.671,15.692,93.5,5.75,LST_ODISHA_2024_08.tif,3.0,3.0,4.0,3.0,3.0,4.0
Kendujhar,Kendujhar,21-375,2024_09,420,0.0,125700.425,180896.771,2230453.456,71379306.46,22.043,8.438,11.671,15.692,93.5,5.75,LST_ODISHA_2024_09.tif,4.0,3.0,4.0,3.0,4.0,1.0
Kendujhar,Kendujhar,21-375,2024_10,420,0.0,125700.425,180896.771,2230453.456,71379306.46,73.875,8.438,11.671,15.692,93.5,5.75,LST_ODISHA_2024_10.tif,3.0,3.0,4.0,3.0,3.0,3.0
Kendujhar,Kendujhar,21-375,2024_11,420,0.0,125700.425,180896.771,2230453.456,71379306.46,1.917,8.438,11.671,15.692,93.5,5.75,LST_ODISHA_2024_11.tif,2.0,3.0,4.0,3.0,2.0,3.0
Kendujhar,Kendujhar,21-375,2024_12,420,0.0,125700.425,180896.771,2230453.456,71379306.46,0.0,8.438,11.671,15.692,93.5,5.75,LST_ODISHA_2024_12.tif,3.0,3.0,4.0,3.0,2.0,2.0
Kendujhar,Kendujhar,21-375,2025_01,420,0.0,130233.285,182229.193,2260256.377,71379306.46,0.0,8.438,11.671,15.692,93.5,5.75,LST_ODISHA_2025_01.tif,3.0,3.0,4.0,3.0,4.0,2.0
Kendujhar,Kendujhar,21-375,2025_02,420,0.0,130233.285,182229.193,2260256.377,71379306.46,0.0,8.438,11.671,15.692,93.5,5.75,LST_ODISHA_2025_02.tif,3.0,3.0,4.0,3.0,2.0,3.0
Kendujhar,Kendujhar,21-375,2025_03,420,2811445.0,130233.285,182229.193,2260256.377,74190751.46,39.721,8.438,11.671,15.692,93.5,5.75,LST_ODISHA_2025_03.tif,3.0,3.0,4.0,3.0,3.0,2.0
Kendujhar,Kendujhar,21-375,2025_04,420,26395522.0,130233.285,182229.193,2260256.377,26395522.0,3.927,8.438,11.671,15.692,93.5,5.75,LST_ODISHA_2025_04.tif,3.0,3.0,4.0,3.0,3.0,2.0
Kendujhar,Kendujhar,21-375,2025_05,420,0.0,130233.285,182229.193,2260256.377,26395522.0,6.471,8.438,11.671,15.692,93.5,5.75,LST_ODISHA_2025_05.tif,3.0,3.0,4.0,3.0,3.0,1.0
Kendujhar,Kendujhar,21-375,2025_06,420,0.0,130233.285,182229.193,2260256.377,26395522.0,2.296,8.438,11.671,15.692,93.5,5.75,LST_ODISHA_2025_06.tif,3.0,3.0,4.0,3.0,3.0,3.0
Kendujhar,Kendujhar,21-375,2025_07,420,0.0,130233.285,182229.193,2260256.377,26395522.0,18.909,8.438,11.671,15.692,93.5,5.75,LST_ODISHA_2025_07.tif,3.0,3.0,4.0,3.0,4.0,5.0
Kendujhar,Kendujhar,21-375,2025_08,420,0.0,130233.285,182229.193,2260256.377,26395522.0,20.602,8.438,11.671,15.692,93.5,5.75,LST_ODISHA_2025_08.tif,2.0,3.0,4.0,3.0,3.0,4.0
Kendujhar,Kendujhar,21-375,2025_09,420,20495510.0,130233.285,182229.193,2260256.377,46891032.0,16.078,8.438,11.671,15.692,93.5,5.75,LST_ODISHA_2025_09.tif,3.0,3.0,4.0,3.0,3.0,3.0
Kendujhar,Kendujhar,21-375,2025_10,420,0.0,130233.285,182229.193,2260256.377,46891032.0,43.908,8.438,11.671,15.692,93.5,5.75,LST_ODISHA_2025_10.tif,4.0,3.0,4.0,3.0,4.0,2.0
Kendujhar,Kendujhar,21-375,2025_11,420,0.0,130233.285,182229.193,2260256.377,46891032.0,2.482,8.438,11.671,15.692,93.5,5.75,LST_ODISHA_2025_11.tif,3.0,3.0,4.0,3.0,4.0,3.0
Kendujhar,Kendujhar,21-375,2025_12,420,0.0,130233.285,182229.193,2260256.377,46891032.0,0.0,8.438,11.671,15.692,93.5,5.75,LST_ODISHA_2025_12.tif,3.0,3.0,4.0,3.0,4.0,2.0
Kendujhar,Kendujhar,21-375,2026_01,420,0.0,134766.145,183561.615,2290059.297,46891032.0,0.0,8.438,11.671,15.692,93.5,5.75,LST_ODISHA_2026_01.tif,3.0,3.0,4.0,3.0,4.0,3.0
Kendujhar,Kendujhar,21-375,2026_02,420,0.0,134766.145,183561.615,2290059.297,46891032.0,0.0,8.438,11.671,15.692,93.5,5.75,LST_ODISHA_2026_02.tif,3.0,3.0,4.0,3.0,4.0,3.0
Kendujhar,Kendujhar,21-375,2026_03,420,0.0,134766.145,183561.615,2290059.297,46891032.0,33.015,8.438,11.671,15.692,93.5,5.75,LST_ODISHA_2026_03.tif,4.0,3.0,4.0,3.0,4.0,2.0
Khordha,Khordha,21-386,2021_01,249,0.0,178402.95,160580.585,2613666.805,0.0,0.0,11.4,17.966,11.401,67.5,8.805,LST_ODISHA_2021_01.tif,3.0,5.0,1.0,3.0,2.0,5.0
Khordha,Khordha,21-386,2021_02,249,0.0,178402.95,160580.585,2613666.805,0.0,0.04,11.4,17.966,11.401,67.5,8.805,LST_ODISHA_2021_02.tif,2.0,5.0,1.0,3.0,1.0,5.0
Khordha,Khordha,21-386,2021_03,249,0.0,178402.95,160580.585,2613666.805,0.0,28.62,11.4,17.966,11.401,67.5,8.805,LST_ODISHA_2021_03.tif,2.0,5.0,1.0,3.0,3.0,4.0
Khordha,Khordha,21-386,2021_04,249,23708346.56,178402.95,160580.585,2613666.805,23708346.56,0.0,11.4,17.966,11.401,67.5,8.805,LST_ODISHA_2021_04.tif,3.0,5.0,1.0,3.0,2.0,3.0
Khordha,Khordha,21-386,2021_05,249,8080777.0,178402.95,160580.585,2613666.805,31789123.56,2.3,11.4,17.966,11.401,67.5,8.805,LST_ODISHA_2021_05.tif,3.0,5.0,1.0,3.0,2.0,2.0
Khordha,Khordha,21-386,2021_06,249,0.0,178402.95,160580.585,2613666.805,31789123.56,0.967,11.4,17.966,11.401,67.5,8.805,LST_ODISHA_2021_06.tif,3.0,5.0,1.0,3.0,2.0,3.0
Khordha,Khordha,21-386,2021_07,249,3331442.05,178402.95,160580.585,2613666.805,35120565.61,15.725,11.4,17.966,11.401,67.5,8.805,LST_ODISHA_2021_07.tif,2.0,5.0,1.0,3.0,2.0,3.0
Khordha,Khordha,21-386,2021_08,249,0.0,178402.95,160580.585,2613666.805,35120565.61,21.943,11.4,17.966,11.401,67.5,8.805,LST_ODISHA_2021_08.tif,3.0,5.0,1.0,3.0,3.0,3.0
Khordha,Khordha,21-386,2021_09,249,11713312.0,178402.95,160580.585,2613666.805,46833877.61,1.793,11.4,17.966,11.401,67.5,8.805,LST_ODISHA_2021_09.tif,2.0,5.0,1.0,3.0,3.0,2.0
Khordha,Khordha,21-386,2021_10,249,0.0,178402.95,160580.585,2613666.805,46833877.61,46.9,11.4,17.966,11.401,67.5,8.805,LST_ODISHA_2021_10.tif,1.0,5.0,1.0,3.0,2.0,4.0
Khordha,Khordha,21-386,2021_11,249,0.0,178402.95,160580.585,2613666.805,46833877.61,2.012,11.4,17.966,11.401,67.5,8.805,LST_ODISHA_2021_11.tif,3.0,5.0,1.0,3.0,3.0,4.0
Khordha,Khordha,21-386,2021_12,249,23990806.0,178402.95,160580.585,2613666.805,70824683.61,0.0,11.4,17.966,11.401,67.5,8.805,LST_ODISHA_2021_12.tif,3.0,5.0,1.0,3.0,2.0,3.0
Khordha,Khordha,21-386,2022_01,249,46.48,185712.89,162131.093,2658521.416,70824730.09,0.0,11.4,17.966,11.401,67.5,8.805,LST_ODISHA_2022_01.tif,3.0,5.0,1.0,3.0,3.0,4.0
Khordha,Khordha,21-386,2022_02,249,0.0,185712.89,162131.093,2658521.416,70824730.09,0.0,11.4,17.966,11.401,67.5,8.805,LST_ODISHA_2022_02.tif,3.0,5.0,1.0,3.0,3.0,4.0
Khordha,Khordha,21-386,2022_03,249,0.0,185712.89,162131.093,2658521.416,70824730.09,33.218,11.4,17.966,11.401,67.5,8.805,LST_ODISHA_2022_03.tif,1.0,5.0,1.0,3.0,2.0,3.0
Khordha,Khordha,21-386,2022_04,249,0.0,185712.89,162131.093,2658521.416,0.0,4.967,11.4,17.966,11.401,67.5,8.805,LST_ODISHA_2022_04.tif,4.0,5.0,1.0,3.0,3.0,2.0
Khordha,Khordha,21-386,2022_05,249,0.0,185712.89,162131.093,2658521.416,0.0,3.288,11.4,17.966,11.401,67.5,8.805,LST_ODISHA_2022_05.tif,2.0,5.0,1.0,3.0,3.0,2.0
Khordha,Khordha,21-386,2022_06,249,0.0,185712.89,162131.093,2658521.416,0.0,10.55,11.4,17.966,11.401,67.5,8.805,LST_ODISHA_2022_06.tif,2.0,5.0,1.0,3.0,3.0,1.0
Khordha,Khordha,21-386,2022_07,249,0.0,185712.89,162131.093,2658521.416,0.0,7.87,11.4,17.966,11.401,67.5,8.805,LST_ODISHA_2022_07.tif,1.0,5.0,1.0,3.0,2.0,3.0
Khordha,Khordha,21-386,2022_08,249,112858710.0,185712.89,162131.093,2658521.416,112858710.0,17.088,11.4,17.966,11.401,67.5,8.805,LST_ODISHA_2022_08.tif,2.0,5.0,1.0,3.0,3.0,2.0
Khordha,Khordha,21-386,2022_09,249,72784306.0,185712.89,162131.093,2658521.416,185643016.0,7.437,11.4,17.966,11.401,67.5,8.805,LST_ODISHA_2022_09.tif,2.0,5.0,1.0,3.0,2.0,4.0
Khordha,Khordha,21-386,2022_10,249,0.0,185712.89,162131.093,2658521.416,185643016.0,27.308,11.4,17.966,11.401,67.5,8.805,LST_ODISHA_2022_10.tif,2.0,5.0,1.0,3.0,3.0,5.0
Khordha,Khordha,21-386,2022_11,249,0.0,185712.89,162131.093,2658521.416,185643016.0,0.017,11.4,17.966,11.401,67.5,8.805,LST_ODISHA_2022_11.tif,3.0,5.0,1.0,3.0,2.0,5.0
Khordha,Khordha,21-386,2022_12,249,0.0,185712.89,162131.093,2658521.416,185643016.0,0.0,11.4,17.966,11.401,67.5,8.805,LST_ODISHA_2022_12.tif,3.0,5.0,1.0,3.0,2.0,5.0
Khordha,Khordha,21-386,2023_01,249,0.0,193022.83,163681.601,2703376.028,185643016.0,0.0,11.4,17.966,11.401,67.5,8.805,LST_ODISHA_2023_01.tif,3.0,5.0,1.0,3.0,3.0,5.0
Khordha,Khordha,21-386,2023_02,249,0.0,193022.83,163681.601,2703376.028,185643016.0,0.0,11.4,17.966,11.401,67.5,8.805,LST_ODISHA_2023_02.tif,3.0,5.0,1.0,3.0,2.0,5.0
Khordha,Khordha,21-386,2023_03,249,1369468.347,193022.83,163681.601,2703376.028,187012484.347,14.115,11.4,17.966,11.401,67.5,8.805,LST_ODISHA_2023_03.tif,4.0,5.0,1.0,3.0,4.0,4.0
Khordha,Khordha,21-386,2023_04,249,0.0,193022.83,163681.601,2703376.028,0.0,0.817,11.4,17.966,11.401,67.5,8.805,LST_ODISHA_2023_04.tif,3.0,5.0,1.0,3.0,1.0,2.0
Khordha,Khordha,21-386,2023_05,249,0.0,193022.83,163681.601,2703376.028,0.0,12.815,11.4,17.966,11.401,67.5,8.805,LST_ODISHA_2023_05.tif,4.0,5.0,1.0,3.0,3.0,3.0
Khordha,Khordha,21-386,2023_06,249,0.0,193022.83,163681.601,2703376.028,0.0,26.3,11.4,17.966,11.401,67.5,8.805,LST_ODISHA_2023_06.tif,3.0,5.0,1.0,3.0,2.0,3.0
Khordha,Khordha,21-386,2023_07,249,0.0,193022.83,163681.601,2703376.028,0.0,36.423,11.4,17.966,11.401,67.5,8.805,LST_ODISHA_2023_07.tif,3.0,5.0,1.0,3.0,3.0,0.0
Khordha,Khordha,21-386,2023_08,249,0.0,193022.83,163681.601,2703376.028,0.0,18.723,11.4,17.966,11.401,67.5,8.805,LST_ODISHA_2023_08.tif,3.0,5.0,1.0,3.0,3.0,2.0
Khordha,Khordha,21-386,2023_09,249,0.0,193022.83,163681.601,2703376.028,0.0,30.505,11.4,17.966,11.401,67.5,8.805,LST_ODISHA_2023_09.tif,3.0,5.0,1.0,3.0,3.0,5.0
Khordha,Khordha,21-386,2023_10,249,0.0,193022.83,163681.601,2703376.028,0.0,40.437,11.4,17.966,11.401,67.5,8.805,LST_ODISHA_2023_10.tif,2.0,5.0,1.0,3.0,2.0,5.0
Khordha,Khordha,21-386,2023_11,249,0.0,193022.83,163681.601,2703376.028,0.0,4.342,11.4,17.966,11.401,67.5,8.805,LST_ODISHA_2023_11.tif,3.0,5.0,1.0,3.0,2.0,5.0
Khordha,Khordha,21-386,2023_12,249,0.0,193022.83,163681.601,2703376.028,0.0,0.0,11.4,17.966,11.401,67.5,8.805,LST_ODISHA_2023_12.tif,3.0,5.0,1.0,3.0,1.0,5.0
Khordha,Khordha,21-386,2024_01,249,0.0,200332.77,165232.109,2748230.64,0.0,0.0,11.4,17.966,11.401,67.5,8.805,LST_ODISHA_2024_01.tif,3.0,5.0,1.0,3.0,2.0,5.0
Khordha,Khordha,21-386,2024_02,249,0.0,200332.77,165232.109,2748230.64,0.0,0.173,11.4,17.966,11.401,67.5,8.805,LST_ODISHA_2024_02.tif,3.0,5.0,1.0,3.0,3.0,5.0
Khordha,Khordha,21-386,2024_03,249,28201618.41,200332.77,165232.109,2748230.64,28201618.41,40.722,11.4,17.966,11.401,67.5,8.805,LST_ODISHA_2024_03.tif,4.0,5.0,1.0,3.0,4.0,3.0
Khordha,Khordha,21-386,2024_04,249,18276361.66,200332.77,165232.109,2748230.64,18276361.66,11.208,11.4,17.966,11.401,67.5,8.805,LST_ODISHA_2024_04.tif,4.0,5.0,1.0,3.0,3.0,2.0
Khordha,Khordha,21-386,2024_05,249,150970.0,200332.77,165232.109,2748230.64,18427331.66,30.135,11.4,17.966,11.401,67.5,8.805,LST_ODISHA_2024_05.tif,3.0,5.0,1.0,3.0,3.0,1.0
Khordha,Khordha,21-386,2024_06,249,0.0,200332.77,165232.109,2748230.64,18427331.66,30.847,11.4,17.966,11.401,67.5,8.805,LST_ODISHA_2024_06.tif,2.0,5.0,1.0,3.0,2.0,4.0
Khordha,Khordha,21-386,2024_07,249,15865665.0,200332.77,165232.109,2748230.64,34292996.66,18.373,11.4,17.966,11.401,67.5,8.805,LST_ODISHA_2024_07.tif,3.0,5.0,1.0,3.0,3.0,0.0
Khordha,Khordha,21-386,2024_08,249,9806477.0,200332.77,165232.109,2748230.64,44099473.66,7.565,11.4,17.966,11.401,67.5,8.805,LST_ODISHA_2024_08.tif,3.0,5.0,1.0,3.0,2.0,2.0
Khordha,Khordha,21-386,2024_09,249,0.0,200332.77,165232.109,2748230.64,44099473.66,16.435,11.4,17.966,11.401,67.5,8.805,LST_ODISHA_2024_09.tif,2.0,5.0,1.0,3.0,2.0,4.0
Khordha,Khordha,21-386,2024_10,249,13087490.0,200332.77,165232.109,2748230.64,57186963.66,63.653,11.4,17.966,11.401,67.5,8.805,LST_ODISHA_2024_10.tif,1.0,5.0,1.0,3.0,2.0,5.0
Khordha,Khordha,21-386,2024_11,249,872722.0,200332.77,165232.109,2748230.64,58059685.66,3.788,11.4,17.966,11.401,67.5,8.805,LST_ODISHA_2024_11.tif,4.0,5.0,1.0,3.0,3.0,5.0
Khordha,Khordha,21-386,2024_12,249,0.0,200332.77,165232.109,2748230.64,58059685.66,0.0,11.4,17.966,11.401,67.5,8.805,LST_ODISHA_2024_12.tif,3.0,5.0,1.0,3.0,2.0,4.0
Khordha,Khordha,21-386,2025_01,249,8178846.0,207642.71,166782.617,2793085.252,66238531.66,0.0,11.4,17.966,11.401,67.5,8.805,LST_ODISHA_2025_01.tif,3.0,5.0,1.0,3.0,3.0,4.0
Khordha,Khordha,21-386,2025_02,249,1944257.62,207642.71,166782.617,2793085.252,68182789.28,0.12,11.4,17.966,11.401,67.5,8.805,LST_ODISHA_2025_02.tif,4.0,5.0,1.0,3.0,3.0,3.0
Khordha,Khordha,21-386,2025_03,249,0.0,207642.71,166782.617,2793085.252,68182789.28,34.973,11.4,17.966,11.401,67.5,8.805,LST_ODISHA_2025_03.tif,1.0,5.0,1.0,3.0,2.0,2.0
Khordha,Khordha,21-386,2025_04,249,37464354.0,207642.71,166782.617,2793085.252,37464354.0,7.927,11.4,17.966,11.401,67.5,8.805,LST_ODISHA_2025_04.tif,4.0,5.0,1.0,3.0,3.0,2.0
Khordha,Khordha,21-386,2025_05,249,715446.8,207642.71,166782.617,2793085.252,38179800.8,3.568,11.4,17.966,11.401,67.5,8.805,LST_ODISHA_2025_05.tif,2.0,5.0,1.0,3.0,2.0,4.0
Khordha,Khordha,21-386,2025_06,249,0.0,207642.71,166782.617,2793085.252,38179800.8,2.383,11.4,17.966,11.401,67.5,8.805,LST_ODISHA_2025_06.tif,3.0,5.0,1.0,3.0,3.0,2.0
Khordha,Khordha,21-386,2025_07,249,0.0,207642.71,166782.617,2793085.252,38179800.8,16.338,11.4,17.966,11.401,67.5,8.805,LST_ODISHA_2025_07.tif,2.0,5.0,1.0,3.0,3.0,4.0
Khordha,Khordha,21-386,2025_08,249,0.0,207642.71,166782.617,2793085.252,38179800.8,22.143,11.4,17.966,11.401,67.5,8.805,LST_ODISHA_2025_08.tif,3.0,5.0,1.0,3.0,3.0,3.0
Khordha,Khordha,21-386,2025_09,249,0.0,207642.71,166782.617,2793085.252,38179800.8,6.937,11.4,17.966,11.401,67.5,8.805,LST_ODISHA_2025_09.tif,2.0,5.0,1.0,3.0,2.0,5.0
Khordha,Khordha,21-386,2025_10,249,21124227.12,207642.71,166782.617,2793085.252,59304027.92,39.197,11.4,17.966,11.401,67.5,8.805,LST_ODISHA_2025_10.tif,2.0,5.0,1.0,3.0,3.0,5.0
Khordha,Khordha,21-386,2025_11,249,0.0,207642.71,166782.617,2793085.252,59304027.92,2.757,11.4,17.966,11.401,67.5,8.805,LST_ODISHA_2025_11.tif,3.0,5.0,1.0,3.0,3.0,5.0
Khordha,Khordha,21-386,2025_12,249,0.0,207642.71,166782.617,2793085.252,59304027.92,0.0,11.4,17.966,11.401,67.5,8.805,LST_ODISHA_2025_12.tif,3.0,5.0,1.0,3.0,3.0,4.0
Khordha,Khordha,21-386,2026_01,249,0.0,214952.65,168333.125,2837939.863,59304027.92,0.0,11.4,17.966,11.401,67.5,8.805,LST_ODISHA_2026_01.tif,3.0,5.0,1.0,3.0,3.0,5.0
Khordha,Khordha,21-386,2026_02,249,0.0,214952.65,168333.125,2837939.863,59304027.92,0.0,11.4,17.966,11.401,67.5,8.805,LST_ODISHA_2026_02.tif,3.0,5.0,1.0,3.0,3.0,5.0
Khordha,Khordha,21-386,2026_03,249,0.0,214952.65,168333.125,2837939.863,59304027.92,23.173,11.4,17.966,11.401,67.5,8.805,LST_ODISHA_2026_03.tif,2.0,5.0,1.0,3.0,3.0,3.0
Koraput,Koraput,21-398,2021_01,366,0.0,78312.885,149216.54,1601661.361,0.0,0.0,9.672,12.545,14.565,93.2,5.308,LST_ODISHA_2021_01.tif,3.0,2.0,1.0,3.0,1.0,4.0
Koraput,Koraput,21-398,2021_02,366,0.0,78312.885,149216.54,1601661.361,0.0,0.376,9.672,12.545,14.565,93.2,5.308,LST_ODISHA_2021_02.tif,3.0,2.0,1.0,3.0,2.0,4.0
Koraput,Koraput,21-398,2021_03,366,0.0,78312.885,149216.54,1601661.361,0.0,33.059,9.672,12.545,14.565,93.2,5.308,LST_ODISHA_2021_03.tif,3.0,2.0,1.0,3.0,3.0,3.0
Koraput,Koraput,21-398,2021_04,366,259096377.0,78312.885,149216.54,1601661.361,259096377.0,0.0,9.672,12.545,14.565,93.2,5.308,LST_ODISHA_2021_04.tif,3.0,2.0,1.0,1.0,1.0,1.0
Koraput,Koraput,21-398,2021_05,366,48700470.0,78312.885,149216.54,1601661.361,307796847.0,1.878,9.672,12.545,14.565,93.2,5.308,LST_ODISHA_2021_05.tif,3.0,2.0,1.0,1.0,2.0,2.0
Koraput,Koraput,21-398,2021_06,366,563996.0,78312.885,149216.54,1601661.361,308360843.0,0.0,9.672,12.545,14.565,93.2,5.308,LST_ODISHA_2021_06.tif,2.0,2.0,1.0,1.0,1.0,2.0
Koraput,Koraput,21-398,2021_07,366,27035083.0,78312.885,149216.54,1601661.361,335395926.0,14.028,9.672,12.545,14.565,93.2,5.308,LST_ODISHA_2021_07.tif,2.0,2.0,1.0,1.0,1.0,3.0
Koraput,Koraput,21-398,2021_08,366,0.0,78312.885,149216.54,1601661.361,335395926.0,21.471,9.672,12.545,14.565,93.2,5.308,LST_ODISHA_2021_08.tif,3.0,2.0,1.0,3.0,3.0,5.0
Koraput,Koraput,21-398,2021_09,366,25462666.0,78312.885,149216.54,1601661.361,360858592.0,4.042,9.672,12.545,14.565,93.2,5.308,LST_ODISHA_2021_09.tif,3.0,2.0,1.0,3.0,3.0,1.0
Koraput,Koraput,21-398,2021_10,366,0.0,78312.885,149216.54,1601661.361,360858592.0,55.845,9.672,12.545,14.565,93.2,5.308,LST_ODISHA_2021_10.tif,4.0,2.0,1.0,3.0,4.0,2.0
Koraput,Koraput,21-398,2021_11,366,0.0,78312.885,149216.54,1601661.361,360858592.0,4.323,9.672,12.545,14.565,93.2,5.308,LST_ODISHA_2021_11.tif,4.0,2.0,1.0,3.0,3.0,3.0
Koraput,Koraput,21-398,2021_12,366,0.0,78312.885,149216.54,1601661.361,360858592.0,0.0,9.672,12.545,14.565,93.2,5.308,LST_ODISHA_2021_12.tif,3.0,2.0,1.0,3.0,2.0,4.0
Koraput,Koraput,21-398,2022_01,366,0.0,81695.513,150529.31,1626508.801,360858592.0,0.0,9.672,12.545,14.565,93.2,5.308,LST_ODISHA_2022_01.tif,3.0,2.0,1.0,3.0,3.0,4.0
Koraput,Koraput,21-398,2022_02,366,0.0,81695.513,150529.31,1626508.801,360858592.0,0.0,9.672,12.545,14.565,93.2,5.308,LST_ODISHA_2022_02.tif,3.0,2.0,1.0,3.0,3.0,5.0
Koraput,Koraput,21-398,2022_03,366,0.0,81695.513,150529.31,1626508.801,360858592.0,37.516,9.672,12.545,14.565,93.2,5.308,LST_ODISHA_2022_03.tif,3.0,2.0,1.0,3.0,3.0,4.0
Koraput,Koraput,21-398,2022_04,366,0.0,81695.513,150529.31,1626508.801,0.0,2.248,9.672,12.545,14.565,93.2,5.308,LST_ODISHA_2022_04.tif,3.0,2.0,1.0,3.0,3.0,2.0
Koraput,Koraput,21-398,2022_05,366,2729143.0,81695.513,150529.31,1626508.801,2729143.0,11.045,9.672,12.545,14.565,93.2,5.308,LST_ODISHA_2022_05.tif,3.0,2.0,1.0,3.0,3.0,2.0
Koraput,Koraput,21-398,2022_06,366,0.0,81695.513,150529.31,1626508.801,2729143.0,18.32,9.672,12.545,14.565,93.2,5.308,LST_ODISHA_2022_06.tif,3.0,2.0,1.0,3.0,3.0,2.0
Koraput,Koraput,21-398,2022_07,366,0.0,81695.513,150529.31,1626508.801,2729143.0,11.944,9.672,12.545,14.565,93.2,5.308,LST_ODISHA_2022_07.tif,4.0,2.0,1.0,3.0,4.0,4.0
Koraput,Koraput,21-398,2022_08,366,0.0,81695.513,150529.31,1626508.801,2729143.0,24.682,9.672,12.545,14.565,93.2,5.308,LST_ODISHA_2022_08.tif,5.0,2.0,1.0,3.0,4.0,2.0
Koraput,Koraput,21-398,2022_09,366,0.0,81695.513,150529.31,1626508.801,2729143.0,16.125,9.672,12.545,14.565,93.2,5.308,LST_ODISHA_2022_09.tif,5.0,2.0,1.0,3.0,4.0,4.0
Koraput,Koraput,21-398,2022_10,366,0.0,81695.513,150529.31,1626508.801,2729143.0,24.623,9.672,12.545,14.565,93.2,5.308,LST_ODISHA_2022_10.tif,1.0,2.0,1.0,3.0,2.0,2.0
Koraput,Koraput,21-398,2022_11,366,0.0,81695.513,150529.31,1626508.801,2729143.0,2.509,9.672,12.545,14.565,93.2,5.308,LST_ODISHA_2022_11.tif,5.0,2.0,1.0,3.0,4.0,3.0
Koraput,Koraput,21-398,2022_12,366,14226292.85,81695.513,150529.31,1626508.801,16955435.85,1.715,9.672,12.545,14.565,93.2,5.308,LST_ODISHA_2022_12.tif,5.0,2.0,1.0,3.0,4.0,4.0
Koraput,Koraput,21-398,2023_01,366,0.0,85078.141,151842.08,1651356.241,16955435.85,0.0,9.672,12.545,14.565,93.2,5.308,LST_ODISHA_2023_01.tif,3.0,2.0,1.0,3.0,3.0,4.0
Koraput,Koraput,21-398,2023_02,366,0.0,85078.141,151842.08,1651356.241,16955435.85,0.018,9.672,12.545,14.565,93.2,5.308,LST_ODISHA_2023_02.tif,3.0,2.0,1.0,3.0,2.0,4.0
Koraput,Koraput,21-398,2023_03,366,0.0,85078.141,151842.08,1651356.241,16955435.85,5.31,9.672,12.545,14.565,93.2,5.308,LST_ODISHA_2023_03.tif,1.0,2.0,1.0,3.0,2.0,2.0
Koraput,Koraput,21-398,2023_04,366,0.0,85078.141,151842.08,1651356.241,0.0,0.183,9.672,12.545,14.565,93.2,5.308,LST_ODISHA_2023_04.tif,3.0,2.0,1.0,3.0,1.0,1.0
Koraput,Koraput,21-398,2023_05,366,0.0,85078.141,151842.08,1651356.241,0.0,3.807,9.672,12.545,14.565,93.2,5.308,LST_ODISHA_2023_05.tif,2.0,2.0,1.0,3.0,1.0,1.0
Koraput,Koraput,21-398,2023_06,366,0.0,85078.141,151842.08,1651356.241,0.0,19.52,9.672,12.545,14.565,93.2,5.308,LST_ODISHA_2023_06.tif,2.0,2.0,1.0,3.0,1.0,2.0
Koraput,Koraput,21-398,2023_07,366,0.0,85078.141,151842.08,1651356.241,0.0,24.566,9.672,12.545,14.565,93.2,5.308,LST_ODISHA_2023_07.tif,1.0,2.0,1.0,3.0,1.0,3.0
Koraput,Koraput,21-398,2023_08,366,0.0,85078.141,151842.08,1651356.241,0.0,15.28,9.672,12.545,14.565,93.2,5.308,LST_ODISHA_2023_08.tif,2.0,2.0,1.0,3.0,2.0,3.0
Koraput,Koraput,21-398,2023_09,366,0.0,85078.141,151842.08,1651356.241,0.0,27.88,9.672,12.545,14.565,93.2,5.308,LST_ODISHA_2023_09.tif,3.0,2.0,1.0,3.0,3.0,2.0
Koraput,Koraput,21-398,2023_10,366,0.0,85078.141,151842.08,1651356.241,0.0,45.918,9.672,12.545,14.565,93.2,5.308,LST_ODISHA_2023_10.tif,4.0,2.0,1.0,3.0,3.0,3.0
Koraput,Koraput,21-398,2023_11,366,0.0,85078.141,151842.08,1651356.241,0.0,13.755,9.672,12.545,14.565,93.2,5.308,LST_ODISHA_2023_11.tif,5.0,2.0,1.0,3.0,4.0,3.0
Koraput,Koraput,21-398,2023_12,366,0.0,85078.141,151842.08,1651356.241,0.0,0.094,9.672,12.545,14.565,93.2,5.308,LST_ODISHA_2023_12.tif,5.0,2.0,1.0,3.0,4.0,3.0
Koraput,Koraput,21-398,2024_01,366,0.0,88460.769,153154.85,1676203.681,0.0,0.0,9.672,12.545,14.565,93.2,5.308,LST_ODISHA_2024_01.tif,3.0,2.0,1.0,3.0,1.0,4.0
Koraput,Koraput,21-398,2024_02,366,0.0,88460.769,153154.85,1676203.681,0.0,0.48,9.672,12.545,14.565,93.2,5.308,LST_ODISHA_2024_02.tif,3.0,2.0,1.0,3.0,3.0,4.0
Koraput,Koraput,21-398,2024_03,366,944123.0,88460.769,153154.85,1676203.681,944123.0,35.008,9.672,12.545,14.565,93.2,5.308,LST_ODISHA_2024_03.tif,3.0,2.0,1.0,3.0,3.0,4.0
Koraput,Koraput,21-398,2024_04,366,103366938.89,88460.769,153154.85,1676203.681,103366938.89,11.545,9.672,12.545,14.565,93.2,5.308,LST_ODISHA_2024_04.tif,4.0,2.0,1.0,1.0,3.0,2.0
Koraput,Koraput,21-398,2024_05,366,0.0,88460.769,153154.85,1676203.681,103366938.89,41.494,9.672,12.545,14.565,93.2,5.308,LST_ODISHA_2024_05.tif,5.0,2.0,1.0,1.0,3.0,1.0
Koraput,Koraput,21-398,2024_06,366,0.0,88460.769,153154.85,1676203.681,103366938.89,14.926,9.672,12.545,14.565,93.2,5.308,LST_ODISHA_2024_06.tif,1.0,2.0,1.0,1.0,1.0,1.0
Koraput,Koraput,21-398,2024_07,366,59119128.4,88460.769,153154.85,1676203.681,162486067.29,1.191,9.672,12.545,14.565,93.2,5.308,LST_ODISHA_2024_07.tif,1.0,2.0,1.0,1.0,1.0,2.0
Koraput,Koraput,21-398,2024_08,366,0.0,88460.769,153154.85,1676203.681,162486067.29,14.885,9.672,12.545,14.565,93.2,5.308,LST_ODISHA_2024_08.tif,5.0,2.0,1.0,1.0,3.0,3.0
Koraput,Koraput,21-398,2024_09,366,0.0,88460.769,153154.85,1676203.681,162486067.29,14.073,9.672,12.545,14.565,93.2,5.308,LST_ODISHA_2024_09.tif,2.0,2.0,1.0,2.0,2.0,1.0
Koraput,Koraput,21-398,2024_10,366,357013.0,88460.769,153154.85,1676203.681,162843080.29,75.849,9.672,12.545,14.565,93.2,5.308,LST_ODISHA_2024_10.tif,4.0,2.0,1.0,2.0,3.0,2.0
Koraput,Koraput,21-398,2024_11,366,0.0,88460.769,153154.85,1676203.681,162843080.29,8.475,9.672,12.545,14.565,93.2,5.308,LST_ODISHA_2024_11.tif,5.0,2.0,1.0,2.0,4.0,3.0
Koraput,Koraput,21-398,2024_12,366,0.0,88460.769,153154.85,1676203.681,162843080.29,1.322,9.672,12.545,14.565,93.2,5.308,LST_ODISHA_2024_12.tif,5.0,2.0,1.0,2.0,4.0,3.0
Koraput,Koraput,21-398,2025_01,366,2970618.45,91843.397,154467.62,1701051.121,165813698.74,0.0,9.672,12.545,14.565,93.2,5.308,LST_ODISHA_2025_01.tif,3.0,2.0,1.0,2.0,2.0,4.0
Koraput,Koraput,21-398,2025_02,366,7600183.12,91843.397,154467.62,1701051.121,173413881.86,0.028,9.672,12.545,14.565,93.2,5.308,LST_ODISHA_2025_02.tif,3.0,2.0,1.0,2.0,1.0,4.0
Koraput,Koraput,21-398,2025_03,366,0.0,91843.397,154467.62,1701051.121,173413881.86,46.138,9.672,12.545,14.565,93.2,5.308,LST_ODISHA_2025_03.tif,4.0,2.0,1.0,2.0,3.0,3.0
Koraput,Koraput,21-398,2025_04,366,6302056.71,91843.397,154467.62,1701051.121,6302056.71,3.443,9.672,12.545,14.565,93.2,5.308,LST_ODISHA_2025_04.tif,3.0,2.0,1.0,3.0,3.0,2.0
Koraput,Koraput,21-398,2025_05,366,12440911.08,91843.397,154467.62,1701051.121,18742967.79,4.662,9.672,12.545,14.565,93.2,5.308,LST_ODISHA_2025_05.tif,3.0,2.0,1.0,3.0,3.0,1.0
Koraput,Koraput,21-398,2025_06,366,0.0,91843.397,154467.62,1701051.121,18742967.79,0.432,9.672,12.545,14.565,93.2,5.308,LST_ODISHA_2025_06.tif,2.0,2.0,1.0,3.0,2.0,1.0
Koraput,Koraput,21-398,2025_07,366,0.0,91843.397,154467.62,1701051.121,18742967.79,25.909,9.672,12.545,14.565,93.2,5.308,LST_ODISHA_2025_07.tif,4.0,2.0,1.0,3.0,4.0,2.0
Koraput,Koraput,21-398,2025_08,366,0.0,91843.397,154467.62,1701051.121,18742967.79,27.43,9.672,12.545,14.565,93.2,5.308,LST_ODISHA_2025_08.tif,4.0,2.0,1.0,3.0,4.0,3.0
Koraput,Koraput,21-398,2025_09,366,0.0,91843.397,154467.62,1701051.121,18742967.79,15.722,9.672,12.545,14.565,93.2,5.308,LST_ODISHA_2025_09.tif,3.0,2.0,1.0,3.0,2.0,2.0
Koraput,Koraput,21-398,2025_10,366,0.0,91843.397,154467.62,1701051.121,18742967.79,38.866,9.672,12.545,14.565,93.2,5.308,LST_ODISHA_2025_10.tif,2.0,2.0,1.0,3.0,2.0,1.0
Koraput,Koraput,21-398,2025_11,366,0.0,91843.397,154467.62,1701051.121,18742967.79,4.761,9.672,12.545,14.565,93.2,5.308,LST_ODISHA_2025_11.tif,5.0,2.0,1.0,3.0,4.0,3.0
Koraput,Koraput,21-398,2025_12,366,0.0,91843.397,154467.62,1701051.121,18742967.79,0.0,9.672,12.545,14.565,93.2,5.308,LST_ODISHA_2025_12.tif,3.0,2.0,1.0,3.0,3.0,4.0
Koraput,Koraput,21-398,2026_01,366,0.0,95226.025,155780.39,1725898.561,18742967.79,0.0,9.672,12.545,14.565,93.2,5.308,LST_ODISHA_2026_01.tif,3.0,2.0,1.0,3.0,3.0,4.0
Koraput,Koraput,21-398,2026_02,366,0.0,95226.025,155780.39,1725898.561,18742967.79,0.0,9.672,12.545,14.565,93.2,5.308,LST_ODISHA_2026_02.tif,3.0,2.0,1.0,3.0,3.0,2.0
Koraput,Koraput,21-398,2026_03,366,0.0,95226.025,155780.39,1725898.561,18742967.79,23.762,9.672,12.545,14.565,93.2,5.308,LST_ODISHA_2026_03.tif,2.0,2.0,1.0,3.0,2.0,3.0
Malkangiri,Malkangiri,21-399,2021_01,178,0.0,36945.01,79015.54,773774.084,0.0,0.0,9.324,11.11,16.603,99.8,5.205,LST_ODISHA_2021_01.tif,3.0,2.0,1.0,3.0,1.0,4.0
Malkangiri,Malkangiri,21-399,2021_02,178,0.0,36945.01,79015.54,773774.084,0.0,0.086,9.324,11.11,16.603,99.8,5.205,LST_ODISHA_2021_02.tif,3.0,2.0,1.0,3.0,2.0,4.0
Malkangiri,Malkangiri,21-399,2021_03,178,0.0,36945.01,79015.54,773774.084,0.0,32.483,9.324,11.11,16.603,99.8,5.205,LST_ODISHA_2021_03.tif,3.0,2.0,1.0,3.0,3.0,4.0
Malkangiri,Malkangiri,21-399,2021_04,178,0.0,36945.01,79015.54,773774.084,0.0,0.0,9.324,11.11,16.603,99.8,5.205,LST_ODISHA_2021_04.tif,3.0,2.0,1.0,3.0,2.0,2.0
Malkangiri,Malkangiri,21-399,2021_05,178,0.0,36945.01,79015.54,773774.084,0.0,4.171,9.324,11.11,16.603,99.8,5.205,LST_ODISHA_2021_05.tif,4.0,2.0,1.0,4.0,3.0,2.0
Malkangiri,Malkangiri,21-399,2021_06,178,0.0,36945.01,79015.54,773774.084,0.0,0.281,9.324,11.11,16.603,99.8,5.205,LST_ODISHA_2021_06.tif,2.0,2.0,1.0,4.0,2.0,3.0
Malkangiri,Malkangiri,21-399,2021_07,178,561523.7,36945.01,79015.54,773774.084,561523.7,10.202,9.324,11.11,16.603,99.8,5.205,LST_ODISHA_2021_07.tif,1.0,2.0,1.0,4.0,2.0,3.0
Malkangiri,Malkangiri,21-399,2021_08,178,0.0,36945.01,79015.54,773774.084,561523.7,18.27,9.324,11.11,16.603,99.8,5.205,LST_ODISHA_2021_08.tif,1.0,2.0,1.0,3.0,2.0,5.0
Malkangiri,Malkangiri,21-399,2021_09,178,0.0,36945.01,79015.54,773774.084,561523.7,3.071,9.324,11.11,16.603,99.8,5.205,LST_ODISHA_2021_09.tif,3.0,2.0,1.0,3.0,3.0,1.0
Malkangiri,Malkangiri,21-399,2021_10,178,0.0,36945.01,79015.54,773774.084,561523.7,57.041,9.324,11.11,16.603,99.8,5.205,LST_ODISHA_2021_10.tif,5.0,2.0,1.0,3.0,4.0,4.0
Malkangiri,Malkangiri,21-399,2021_11,178,0.0,36945.01,79015.54,773774.084,561523.7,9.325,9.324,11.11,16.603,99.8,5.205,LST_ODISHA_2021_11.tif,5.0,2.0,1.0,3.0,4.0,3.0
Malkangiri,Malkangiri,21-399,2021_12,178,22308389.0,36945.01,79015.54,773774.084,22869912.7,0.0,9.324,11.11,16.603,99.8,5.205,LST_ODISHA_2021_12.tif,3.0,2.0,1.0,3.0,2.0,5.0
Malkangiri,Malkangiri,21-399,2022_01,178,0.0,38671.115,80101.78,788109.579,22869912.7,0.0,9.324,11.11,16.603,99.8,5.205,LST_ODISHA_2022_01.tif,3.0,2.0,1.0,3.0,3.0,5.0
Malkangiri,Malkangiri,21-399,2022_02,178,0.0,38671.115,80101.78,788109.579,22869912.7,0.0,9.324,11.11,16.603,99.8,5.205,LST_ODISHA_2022_02.tif,3.0,2.0,1.0,3.0,3.0,5.0
Malkangiri,Malkangiri,21-399,2022_03,178,0.0,38671.115,80101.78,788109.579,22869912.7,40.235,9.324,11.11,16.603,99.8,5.205,LST_ODISHA_2022_03.tif,5.0,2.0,1.0,3.0,4.0,5.0
Malkangiri,Malkangiri,21-399,2022_04,178,16956079.0,38671.115,80101.78,788109.579,16956079.0,1.27,9.324,11.11,16.603,99.8,5.205,LST_ODISHA_2022_04.tif,2.0,2.0,1.0,3.0,2.0,3.0
Malkangiri,Malkangiri,21-399,2022_05,178,0.0,38671.115,80101.78,788109.579,16956079.0,11.937,9.324,11.11,16.603,99.8,5.205,LST_ODISHA_2022_05.tif,3.0,2.0,1.0,3.0,3.0,3.0
Malkangiri,Malkangiri,21-399,2022_06,178,0.0,38671.115,80101.78,788109.579,16956079.0,16.34,9.324,11.11,16.603,99.8,5.205,LST_ODISHA_2022_06.tif,3.0,2.0,1.0,3.0,3.0,3.0
Malkangiri,Malkangiri,21-399,2022_07,178,0.0,38671.115,80101.78,788109.579,16956079.0,11.542,9.324,11.11,16.603,99.8,5.205,LST_ODISHA_2022_07.tif,3.0,2.0,1.0,3.0,3.0,4.0
Malkangiri,Malkangiri,21-399,2022_08,178,0.0,38671.115,80101.78,788109.579,16956079.0,22.359,9.324,11.11,16.603,99.8,5.205,LST_ODISHA_2022_08.tif,4.0,2.0,1.0,3.0,4.0,2.0
Malkangiri,Malkangiri,21-399,2022_09,178,0.0,38671.115,80101.78,788109.579,16956079.0,17.85,9.324,11.11,16.603,99.8,5.205,LST_ODISHA_2022_09.tif,5.0,2.0,1.0,3.0,4.0,5.0
Malkangiri,Malkangiri,21-399,2022_10,178,0.0,38671.115,80101.78,788109.579,16956079.0,31.488,9.324,11.11,16.603,99.8,5.205,LST_ODISHA_2022_10.tif,3.0,2.0,1.0,3.0,3.0,4.0
Malkangiri,Malkangiri,21-399,2022_11,178,0.0,38671.115,80101.78,788109.579,16956079.0,1.475,9.324,11.11,16.603,99.8,5.205,LST_ODISHA_2022_11.tif,5.0,2.0,1.0,3.0,4.0,4.0
Malkangiri,Malkangiri,21-399,2022_12,178,0.0,38671.115,80101.78,788109.579,16956079.0,0.012,9.324,11.11,16.603,99.8,5.205,LST_ODISHA_2022_12.tif,3.0,2.0,1.0,3.0,2.0,5.0
Malkangiri,Malkangiri,21-399,2023_01,178,0.0,40397.22,81188.02,802445.074,16956079.0,0.0,9.324,11.11,16.603,99.8,5.205,LST_ODISHA_2023_01.tif,3.0,2.0,1.0,3.0,3.0,4.0
Malkangiri,Malkangiri,21-399,2023_02,178,0.0,40397.22,81188.02,802445.074,16956079.0,0.0,9.324,11.11,16.603,99.8,5.205,LST_ODISHA_2023_02.tif,3.0,2.0,1.0,3.0,2.0,5.0
Malkangiri,Malkangiri,21-399,2023_03,178,0.0,40397.22,81188.02,802445.074,16956079.0,9.05,9.324,11.11,16.603,99.8,5.205,LST_ODISHA_2023_03.tif,2.0,2.0,1.0,3.0,3.0,5.0
Malkangiri,Malkangiri,21-399,2023_04,178,0.0,40397.22,81188.02,802445.074,0.0,0.0,9.324,11.11,16.603,99.8,5.205,LST_ODISHA_2023_04.tif,3.0,2.0,1.0,3.0,1.0,2.0
Malkangiri,Malkangiri,21-399,2023_05,178,0.0,40397.22,81188.02,802445.074,0.0,10.785,9.324,11.11,16.603,99.8,5.205,LST_ODISHA_2023_05.tif,4.0,2.0,1.0,3.0,3.0,2.0
Malkangiri,Malkangiri,21-399,2023_06,178,0.0,40397.22,81188.02,802445.074,0.0,23.51,9.324,11.11,16.603,99.8,5.205,LST_ODISHA_2023_06.tif,3.0,2.0,1.0,3.0,2.0,4.0
Malkangiri,Malkangiri,21-399,2023_07,178,0.0,40397.22,81188.02,802445.074,0.0,24.038,9.324,11.11,16.603,99.8,5.205,LST_ODISHA_2023_07.tif,1.0,2.0,1.0,3.0,1.0,2.0
Malkangiri,Malkangiri,21-399,2023_08,178,0.0,40397.22,81188.02,802445.074,0.0,22.975,9.324,11.11,16.603,99.8,5.205,LST_ODISHA_2023_08.tif,4.0,2.0,1.0,3.0,3.0,4.0
Malkangiri,Malkangiri,21-399,2023_09,178,0.0,40397.22,81188.02,802445.074,0.0,31.137,9.324,11.11,16.603,99.8,5.205,LST_ODISHA_2023_09.tif,4.0,2.0,1.0,3.0,3.0,3.0
Malkangiri,Malkangiri,21-399,2023_10,178,0.0,40397.22,81188.02,802445.074,0.0,41.016,9.324,11.11,16.603,99.8,5.205,LST_ODISHA_2023_10.tif,3.0,2.0,1.0,3.0,3.0,5.0
Malkangiri,Malkangiri,21-399,2023_11,178,0.0,40397.22,81188.02,802445.074,0.0,11.728,9.324,11.11,16.603,99.8,5.205,LST_ODISHA_2023_11.tif,5.0,2.0,1.0,3.0,4.0,4.0
Malkangiri,Malkangiri,21-399,2023_12,178,0.0,40397.22,81188.02,802445.074,0.0,0.0,9.324,11.11,16.603,99.8,5.205,LST_ODISHA_2023_12.tif,3.0,2.0,1.0,3.0,1.0,4.0
Malkangiri,Malkangiri,21-399,2024_01,178,0.0,42123.325,82274.26,816780.569,0.0,0.0,9.324,11.11,16.603,99.8,5.205,LST_ODISHA_2024_01.tif,3.0,2.0,1.0,3.0,1.0,5.0
Malkangiri,Malkangiri,21-399,2024_02,178,0.0,42123.325,82274.26,816780.569,0.0,1.379,9.324,11.11,16.603,99.8,5.205,LST_ODISHA_2024_02.tif,5.0,2.0,1.0,3.0,4.0,5.0
Malkangiri,Malkangiri,21-399,2024_03,178,285751.0,42123.325,82274.26,816780.569,285751.0,39.231,9.324,11.11,16.603,99.8,5.205,LST_ODISHA_2024_03.tif,4.0,2.0,1.0,3.0,4.0,5.0
Malkangiri,Malkangiri,21-399,2024_04,178,1270562.0,42123.325,82274.26,816780.569,1270562.0,12.339,9.324,11.11,16.603,99.8,5.205,LST_ODISHA_2024_04.tif,4.0,2.0,1.0,3.0,3.0,5.0
Malkangiri,Malkangiri,21-399,2024_05,178,0.0,42123.325,82274.26,816780.569,1270562.0,50.813,9.324,11.11,16.603,99.8,5.205,LST_ODISHA_2024_05.tif,5.0,2.0,1.0,4.0,4.0,4.0
Malkangiri,Malkangiri,21-399,2024_06,178,0.0,42123.325,82274.26,816780.569,1270562.0,14.033,9.324,11.11,16.603,99.8,5.205,LST_ODISHA_2024_06.tif,1.0,2.0,1.0,4.0,2.0,1.0
Malkangiri,Malkangiri,21-399,2024_07,178,0.0,42123.325,82274.26,816780.569,1270562.0,1.323,9.324,11.11,16.603,99.8,5.205,LST_ODISHA_2024_07.tif,1.0,2.0,1.0,4.0,2.0,2.0
Malkangiri,Malkangiri,21-399,2024_08,178,1428806.0,42123.325,82274.26,816780.569,2699368.0,17.463,9.324,11.11,16.603,99.8,5.205,LST_ODISHA_2024_08.tif,5.0,2.0,1.0,4.0,4.0,3.0
Malkangiri,Malkangiri,21-399,2024_09,178,0.0,42123.325,82274.26,816780.569,2699368.0,8.967,9.324,11.11,16.603,99.8,5.205,LST_ODISHA_2024_09.tif,1.0,2.0,1.0,4.0,2.0,4.0
Malkangiri,Malkangiri,21-399,2024_10,178,0.0,42123.325,82274.26,816780.569,2699368.0,79.785,9.324,11.11,16.603,99.8,5.205,LST_ODISHA_2024_10.tif,5.0,2.0,1.0,4.0,4.0,4.0
Malkangiri,Malkangiri,21-399,2024_11,178,0.0,42123.325,82274.26,816780.569,2699368.0,5.663,9.324,11.11,16.603,99.8,5.205,LST_ODISHA_2024_11.tif,5.0,2.0,1.0,4.0,4.0,4.0
Malkangiri,Malkangiri,21-399,2024_12,178,0.0,42123.325,82274.26,816780.569,2699368.0,1.226,9.324,11.11,16.603,99.8,5.205,LST_ODISHA_2024_12.tif,5.0,2.0,1.0,4.0,4.0,4.0
Malkangiri,Malkangiri,21-399,2025_01,178,285641.55,43849.43,83360.5,831116.064,2985009.55,0.0,9.324,11.11,16.603,99.8,5.205,LST_ODISHA_2025_01.tif,3.0,2.0,1.0,4.0,3.0,4.0
Malkangiri,Malkangiri,21-399,2025_02,178,0.0,43849.43,83360.5,831116.064,2985009.55,0.397,9.324,11.11,16.603,99.8,5.205,LST_ODISHA_2025_02.tif,5.0,2.0,1.0,4.0,4.0,4.0
Malkangiri,Malkangiri,21-399,2025_03,178,0.0,43849.43,83360.5,831116.064,2985009.55,53.104,9.324,11.11,16.603,99.8,5.205,LST_ODISHA_2025_03.tif,5.0,2.0,1.0,4.0,4.0,4.0
Malkangiri,Malkangiri,21-399,2025_04,178,0.0,43849.43,83360.5,831116.064,0.0,3.925,9.324,11.11,16.603,99.8,5.205,LST_ODISHA_2025_04.tif,3.0,2.0,1.0,3.0,3.0,3.0
Malkangiri,Malkangiri,21-399,2025_05,178,4772552.0,43849.43,83360.5,831116.064,4772552.0,7.041,9.324,11.11,16.603,99.8,5.205,LST_ODISHA_2025_05.tif,3.0,2.0,1.0,3.0,3.0,2.0
Malkangiri,Malkangiri,21-399,2025_06,178,0.0,43849.43,83360.5,831116.064,4772552.0,1.423,9.324,11.11,16.603,99.8,5.205,LST_ODISHA_2025_06.tif,2.0,2.0,1.0,3.0,2.0,3.0
Malkangiri,Malkangiri,21-399,2025_07,178,1535098.07,43849.43,83360.5,831116.064,6307650.07,23.796,9.324,11.11,16.603,99.8,5.205,LST_ODISHA_2025_07.tif,4.0,2.0,1.0,3.0,4.0,3.0
Malkangiri,Malkangiri,21-399,2025_08,178,0.0,43849.43,83360.5,831116.064,6307650.07,22.849,9.324,11.11,16.603,99.8,5.205,LST_ODISHA_2025_08.tif,3.0,2.0,1.0,3.0,3.0,4.0
Malkangiri,Malkangiri,21-399,2025_09,178,59202068.19,43849.43,83360.5,831116.064,65509718.26,12.369,9.324,11.11,16.603,99.8,5.205,LST_ODISHA_2025_09.tif,3.0,2.0,1.0,2.0,2.0,5.0
Malkangiri,Malkangiri,21-399,2025_10,178,0.0,43849.43,83360.5,831116.064,65509718.26,42.057,9.324,11.11,16.603,99.8,5.205,LST_ODISHA_2025_10.tif,3.0,2.0,1.0,3.0,3.0,3.0
Malkangiri,Malkangiri,21-399,2025_11,178,0.0,43849.43,83360.5,831116.064,65509718.26,4.292,9.324,11.11,16.603,99.8,5.205,LST_ODISHA_2025_11.tif,4.0,2.0,1.0,3.0,4.0,5.0
Malkangiri,Malkangiri,21-399,2025_12,178,0.0,43849.43,83360.5,831116.064,65509718.26,0.0,9.324,11.11,16.603,99.8,5.205,LST_ODISHA_2025_12.tif,3.0,2.0,1.0,3.0,3.0,5.0
Malkangiri,Malkangiri,21-399,2026_01,178,0.0,45575.535,84446.74,845451.559,65509718.26,0.0,9.324,11.11,16.603,99.8,5.205,LST_ODISHA_2026_01.tif,3.0,2.0,1.0,3.0,3.0,5.0
Malkangiri,Malkangiri,21-399,2026_02,178,0.0,45575.535,84446.74,845451.559,65509718.26,0.0,9.324,11.11,16.603,99.8,5.205,LST_ODISHA_2026_02.tif,3.0,2.0,1.0,3.0,3.0,4.0
Malkangiri,Malkangiri,21-399,2026_03,178,0.0,45575.535,84446.74,845451.559,65509718.26,24.252,9.324,11.11,16.603,99.8,5.205,LST_ODISHA_2026_03.tif,2.0,2.0,1.0,3.0,2.0,5.0
Mayurbhanj,Mayurbhanj,21-376,2021_01,684,0.0,147407.77,206158.305,2930202.217,0.0,0.0,9.468,10.764,12.742,88.8,6.77,LST_ODISHA_2021_01.tif,3.0,2.0,1.0,3.0,1.0,1.0
Mayurbhanj,Mayurbhanj,21-376,2021_02,684,0.0,147407.77,206158.305,2930202.217,0.0,1.596,9.468,10.764,12.742,88.8,6.77,LST_ODISHA_2021_02.tif,5.0,2.0,1.0,3.0,4.0,3.0
Mayurbhanj,Mayurbhanj,21-376,2021_03,684,0.0,147407.77,206158.305,2930202.217,0.0,44.847,9.468,10.764,12.742,88.8,6.77,LST_ODISHA_2021_03.tif,5.0,2.0,1.0,3.0,4.0,3.0
Mayurbhanj,Mayurbhanj,21-376,2021_04,684,235134172.924,147407.77,206158.305,2930202.217,235134172.924,0.0,9.468,10.764,12.742,88.8,6.77,LST_ODISHA_2021_04.tif,3.0,2.0,1.0,1.0,1.0,3.0
Mayurbhanj,Mayurbhanj,21-376,2021_05,684,31962066.0,147407.77,206158.305,2930202.217,267096238.924,3.033,9.468,10.764,12.742,88.8,6.77,LST_ODISHA_2021_05.tif,3.0,2.0,1.0,1.0,2.0,1.0
Mayurbhanj,Mayurbhanj,21-376,2021_06,684,112227175.0,147407.77,206158.305,2930202.217,379323413.924,3.487,9.468,10.764,12.742,88.8,6.77,LST_ODISHA_2021_06.tif,4.0,2.0,1.0,1.0,3.0,1.0
Mayurbhanj,Mayurbhanj,21-376,2021_07,684,142957255.0,147407.77,206158.305,2930202.217,522280668.924,25.146,9.468,10.764,12.742,88.8,6.77,LST_ODISHA_2021_07.tif,5.0,2.0,1.0,1.0,3.0,1.0
Mayurbhanj,Mayurbhanj,21-376,2021_08,684,1936196381.0,147407.77,206158.305,2930202.217,2458477049.924,19.912,9.468,10.764,12.742,88.8,6.77,LST_ODISHA_2021_08.tif,2.0,2.0,1.0,1.0,1.0,4.0
Mayurbhanj,Mayurbhanj,21-376,2021_09,684,59663681.0,147407.77,206158.305,2930202.217,2518140730.924,1.231,9.468,10.764,12.742,88.8,6.77,LST_ODISHA_2021_09.tif,2.0,2.0,1.0,1.0,1.0,2.0
Mayurbhanj,Mayurbhanj,21-376,2021_10,684,0.0,147407.77,206158.305,2930202.217,2518140730.924,50.232,9.468,10.764,12.742,88.8,6.77,LST_ODISHA_2021_10.tif,2.0,2.0,1.0,1.0,1.0,1.0
Mayurbhanj,Mayurbhanj,21-376,2021_11,684,0.0,147407.77,206158.305,2930202.217,2518140730.924,0.173,9.468,10.764,12.742,88.8,6.77,LST_ODISHA_2021_11.tif,2.0,2.0,1.0,1.0,1.0,2.0
Mayurbhanj,Mayurbhanj,21-376,2021_12,684,0.0,147407.77,206158.305,2930202.217,2518140730.924,0.006,9.468,10.764,12.742,88.8,6.77,LST_ODISHA_2021_12.tif,5.0,2.0,1.0,1.0,3.0,1.0
Mayurbhanj,Mayurbhanj,21-376,2022_01,684,0.0,153148.287,207364.071,2966271.901,2518140730.924,0.0,9.468,10.764,12.742,88.8,6.77,LST_ODISHA_2022_01.tif,3.0,2.0,1.0,1.0,1.0,1.0
Mayurbhanj,Mayurbhanj,21-376,2022_02,684,0.0,153148.287,207364.071,2966271.901,2518140730.924,0.0,9.468,10.764,12.742,88.8,6.77,LST_ODISHA_2022_02.tif,3.0,2.0,1.0,1.0,1.0,1.0
Mayurbhanj,Mayurbhanj,21-376,2022_03,684,0.0,153148.287,207364.071,2966271.901,2518140730.924,41.11,9.468,10.764,12.742,88.8,6.77,LST_ODISHA_2022_03.tif,5.0,2.0,1.0,1.0,3.0,1.0
Mayurbhanj,Mayurbhanj,21-376,2022_04,684,6151708.88,153148.287,207364.071,2966271.901,6151708.88,2.827,9.468,10.764,12.742,88.8,6.77,LST_ODISHA_2022_04.tif,3.0,2.0,1.0,3.0,3.0,2.0
Mayurbhanj,Mayurbhanj,21-376,2022_05,684,18223700.0,153148.287,207364.071,2966271.901,24375408.88,14.024,9.468,10.764,12.742,88.8,6.77,LST_ODISHA_2022_05.tif,4.0,2.0,1.0,3.0,4.0,2.0
Mayurbhanj,Mayurbhanj,21-376,2022_06,684,0.0,153148.287,207364.071,2966271.901,24375408.88,24.47,9.468,10.764,12.742,88.8,6.77,LST_ODISHA_2022_06.tif,4.0,2.0,1.0,3.0,4.0,1.0
Mayurbhanj,Mayurbhanj,21-376,2022_07,684,0.0,153148.287,207364.071,2966271.901,24375408.88,11.042,9.468,10.764,12.742,88.8,6.77,LST_ODISHA_2022_07.tif,3.0,2.0,1.0,3.0,3.0,2.0
Mayurbhanj,Mayurbhanj,21-376,2022_08,684,0.0,153148.287,207364.071,2966271.901,24375408.88,13.921,9.468,10.764,12.742,88.8,6.77,LST_ODISHA_2022_08.tif,1.0,2.0,1.0,3.0,2.0,4.0
Mayurbhanj,Mayurbhanj,21-376,2022_09,684,52082120.0,153148.287,207364.071,2966271.901,76457528.88,9.045,9.468,10.764,12.742,88.8,6.77,LST_ODISHA_2022_09.tif,3.0,2.0,1.0,3.0,3.0,4.0
Mayurbhanj,Mayurbhanj,21-376,2022_10,684,0.0,153148.287,207364.071,2966271.901,76457528.88,31.542,9.468,10.764,12.742,88.8,6.77,LST_ODISHA_2022_10.tif,3.0,2.0,1.0,3.0,3.0,2.0
Mayurbhanj,Mayurbhanj,21-376,2022_11,684,0.0,153148.287,207364.071,2966271.901,76457528.88,0.013,9.468,10.764,12.742,88.8,6.77,LST_ODISHA_2022_11.tif,3.0,2.0,1.0,3.0,2.0,2.0
Mayurbhanj,Mayurbhanj,21-376,2022_12,684,0.0,153148.287,207364.071,2966271.901,76457528.88,0.0,9.468,10.764,12.742,88.8,6.77,LST_ODISHA_2022_12.tif,3.0,2.0,1.0,3.0,2.0,2.0
Mayurbhanj,Mayurbhanj,21-376,2023_01,684,0.0,158888.804,208569.837,3002341.585,76457528.88,0.0,9.468,10.764,12.742,88.8,6.77,LST_ODISHA_2023_01.tif,3.0,2.0,1.0,3.0,3.0,2.0
Mayurbhanj,Mayurbhanj,21-376,2023_02,684,0.0,158888.804,208569.837,3002341.585,76457528.88,0.526,9.468,10.764,12.742,88.8,6.77,LST_ODISHA_2023_02.tif,5.0,2.0,1.0,3.0,4.0,3.0
Mayurbhanj,Mayurbhanj,21-376,2023_03,684,0.0,158888.804,208569.837,3002341.585,76457528.88,13.413,9.468,10.764,12.742,88.8,6.77,LST_ODISHA_2023_03.tif,4.0,2.0,1.0,3.0,4.0,3.0
Mayurbhanj,Mayurbhanj,21-376,2023_04,684,0.0,158888.804,208569.837,3002341.585,0.0,0.0,9.468,10.764,12.742,88.8,6.77,LST_ODISHA_2023_04.tif,3.0,2.0,1.0,3.0,1.0,3.0
Mayurbhanj,Mayurbhanj,21-376,2023_05,684,0.0,158888.804,208569.837,3002341.585,0.0,6.145,9.468,10.764,12.742,88.8,6.77,LST_ODISHA_2023_05.tif,3.0,2.0,1.0,3.0,2.0,2.0
Mayurbhanj,Mayurbhanj,21-376,2023_06,684,0.0,158888.804,208569.837,3002341.585,0.0,22.35,9.468,10.764,12.742,88.8,6.77,LST_ODISHA_2023_06.tif,3.0,2.0,1.0,3.0,2.0,2.0
Mayurbhanj,Mayurbhanj,21-376,2023_07,684,0.0,158888.804,208569.837,3002341.585,0.0,34.043,9.468,10.764,12.742,88.8,6.77,LST_ODISHA_2023_07.tif,3.0,2.0,1.0,3.0,3.0,3.0
Mayurbhanj,Mayurbhanj,21-376,2023_08,684,0.0,158888.804,208569.837,3002341.585,0.0,19.693,9.468,10.764,12.742,88.8,6.77,LST_ODISHA_2023_08.tif,3.0,2.0,1.0,3.0,3.0,3.0
Mayurbhanj,Mayurbhanj,21-376,2023_09,684,0.0,158888.804,208569.837,3002341.585,0.0,25.772,9.468,10.764,12.742,88.8,6.77,LST_ODISHA_2023_09.tif,2.0,2.0,1.0,3.0,2.0,3.0
Mayurbhanj,Mayurbhanj,21-376,2023_10,684,0.0,158888.804,208569.837,3002341.585,0.0,41.704,9.468,10.764,12.742,88.8,6.77,LST_ODISHA_2023_10.tif,3.0,2.0,1.0,3.0,3.0,3.0
Mayurbhanj,Mayurbhanj,21-376,2023_11,684,0.0,158888.804,208569.837,3002341.585,0.0,3.262,9.468,10.764,12.742,88.8,6.77,LST_ODISHA_2023_11.tif,2.0,2.0,1.0,3.0,1.0,2.0
Mayurbhanj,Mayurbhanj,21-376,2023_12,684,0.0,158888.804,208569.837,3002341.585,0.0,0.017,9.468,10.764,12.742,88.8,6.77,LST_ODISHA_2023_12.tif,4.0,2.0,1.0,3.0,3.0,1.0
Mayurbhanj,Mayurbhanj,21-376,2024_01,684,0.0,164629.321,209775.603,3038411.269,0.0,0.0,9.468,10.764,12.742,88.8,6.77,LST_ODISHA_2024_01.tif,3.0,2.0,1.0,3.0,1.0,1.0
Mayurbhanj,Mayurbhanj,21-376,2024_02,684,0.0,164629.321,209775.603,3038411.269,0.0,0.077,9.468,10.764,12.742,88.8,6.77,LST_ODISHA_2024_02.tif,2.0,2.0,1.0,3.0,2.0,1.0
Mayurbhanj,Mayurbhanj,21-376,2024_03,684,0.0,164629.321,209775.603,3038411.269,0.0,34.808,9.468,10.764,12.742,88.8,6.77,LST_ODISHA_2024_03.tif,3.0,2.0,1.0,3.0,3.0,1.0
Mayurbhanj,Mayurbhanj,21-376,2024_04,684,15013499.82,164629.321,209775.603,3038411.269,15013499.82,2.664,9.468,10.764,12.742,88.8,6.77,LST_ODISHA_2024_04.tif,2.0,2.0,1.0,3.0,2.0,2.0
Mayurbhanj,Mayurbhanj,21-376,2024_05,684,216066.0,164629.321,209775.603,3038411.269,15229565.82,23.937,9.468,10.764,12.742,88.8,6.77,LST_ODISHA_2024_05.tif,2.0,2.0,1.0,3.0,2.0,1.0
Mayurbhanj,Mayurbhanj,21-376,2024_06,684,1523296.0,164629.321,209775.603,3038411.269,16752861.82,55.621,9.468,10.764,12.742,88.8,6.77,LST_ODISHA_2024_06.tif,4.0,2.0,1.0,3.0,3.0,3.0
Mayurbhanj,Mayurbhanj,21-376,2024_07,684,0.0,164629.321,209775.603,3038411.269,16752861.82,24.97,9.468,10.764,12.742,88.8,6.77,LST_ODISHA_2024_07.tif,4.0,2.0,1.0,3.0,4.0,2.0
Mayurbhanj,Mayurbhanj,21-376,2024_08,684,5518077.0,164629.321,209775.603,3038411.269,22270938.82,8.14,9.468,10.764,12.742,88.8,6.77,LST_ODISHA_2024_08.tif,3.0,2.0,1.0,3.0,2.0,4.0
Mayurbhanj,Mayurbhanj,21-376,2024_09,684,7781162.0,164629.321,209775.603,3038411.269,30052100.82,23.409,9.468,10.764,12.742,88.8,6.77,LST_ODISHA_2024_09.tif,4.0,2.0,1.0,3.0,3.0,1.0
Mayurbhanj,Mayurbhanj,21-376,2024_10,684,0.0,164629.321,209775.603,3038411.269,30052100.82,74.37,9.468,10.764,12.742,88.8,6.77,LST_ODISHA_2024_10.tif,4.0,2.0,1.0,3.0,3.0,3.0
Mayurbhanj,Mayurbhanj,21-376,2024_11,684,0.0,164629.321,209775.603,3038411.269,30052100.82,1.94,9.468,10.764,12.742,88.8,6.77,LST_ODISHA_2024_11.tif,2.0,2.0,1.0,3.0,2.0,2.0
Mayurbhanj,Mayurbhanj,21-376,2024_12,684,0.0,164629.321,209775.603,3038411.269,30052100.82,0.0,9.468,10.764,12.742,88.8,6.77,LST_ODISHA_2024_12.tif,3.0,2.0,1.0,3.0,2.0,1.0
Mayurbhanj,Mayurbhanj,21-376,2025_01,684,794474.0,170369.838,210981.369,3074480.953,30846574.82,0.0,9.468,10.764,12.742,88.8,6.77,LST_ODISHA_2025_01.tif,3.0,2.0,1.0,3.0,2.0,1.0
Mayurbhanj,Mayurbhanj,21-376,2025_02,684,11284735.0,170369.838,210981.369,3074480.953,42131309.82,0.0,9.468,10.764,12.742,88.8,6.77,LST_ODISHA_2025_02.tif,3.0,2.0,1.0,3.0,2.0,1.0
Mayurbhanj,Mayurbhanj,21-376,2025_03,684,10034131.0,170369.838,210981.369,3074480.953,52165440.82,38.13,9.468,10.764,12.742,88.8,6.77,LST_ODISHA_2025_03.tif,2.0,2.0,1.0,3.0,2.0,2.0
Mayurbhanj,Mayurbhanj,21-376,2025_04,684,0.0,170369.838,210981.369,3074480.953,0.0,3.663,9.468,10.764,12.742,88.8,6.77,LST_ODISHA_2025_04.tif,3.0,2.0,1.0,3.0,3.0,1.0
Mayurbhanj,Mayurbhanj,21-376,2025_05,684,140501794.0,170369.838,210981.369,3074480.953,140501794.0,7.886,9.468,10.764,12.742,88.8,6.77,LST_ODISHA_2025_05.tif,3.0,2.0,1.0,1.0,2.0,1.0
Mayurbhanj,Mayurbhanj,21-376,2025_06,684,0.0,170369.838,210981.369,3074480.953,140501794.0,2.088,9.468,10.764,12.742,88.8,6.77,LST_ODISHA_2025_06.tif,3.0,2.0,1.0,1.0,2.0,3.0
Mayurbhanj,Mayurbhanj,21-376,2025_07,684,0.0,170369.838,210981.369,3074480.953,140501794.0,15.647,9.468,10.764,12.742,88.8,6.77,LST_ODISHA_2025_07.tif,2.0,2.0,1.0,1.0,1.0,3.0
Mayurbhanj,Mayurbhanj,21-376,2025_08,684,0.0,170369.838,210981.369,3074480.953,140501794.0,18.606,9.468,10.764,12.742,88.8,6.77,LST_ODISHA_2025_08.tif,2.0,2.0,1.0,1.0,1.0,5.0
Mayurbhanj,Mayurbhanj,21-376,2025_09,684,557500.0,170369.838,210981.369,3074480.953,141059294.0,14.078,9.468,10.764,12.742,88.8,6.77,LST_ODISHA_2025_09.tif,3.0,2.0,1.0,1.0,2.0,3.0
Mayurbhanj,Mayurbhanj,21-376,2025_10,684,0.0,170369.838,210981.369,3074480.953,141059294.0,43.748,9.468,10.764,12.742,88.8,6.77,LST_ODISHA_2025_10.tif,4.0,2.0,1.0,2.0,3.0,2.0
Mayurbhanj,Mayurbhanj,21-376,2025_11,684,0.0,170369.838,210981.369,3074480.953,141059294.0,2.4,9.468,10.764,12.742,88.8,6.77,LST_ODISHA_2025_11.tif,3.0,2.0,1.0,2.0,3.0,2.0
Mayurbhanj,Mayurbhanj,21-376,2025_12,684,0.0,170369.838,210981.369,3074480.953,141059294.0,0.0,9.468,10.764,12.742,88.8,6.77,LST_ODISHA_2025_12.tif,3.0,2.0,1.0,2.0,2.0,1.0
Mayurbhanj,Mayurbhanj,21-376,2026_01,684,0.0,176110.355,212187.135,3110550.637,141059294.0,0.0,9.468,10.764,12.742,88.8,6.77,LST_ODISHA_2026_01.tif,3.0,2.0,1.0,2.0,2.0,1.0
Mayurbhanj,Mayurbhanj,21-376,2026_02,684,0.0,176110.355,212187.135,3110550.637,141059294.0,0.0,9.468,10.764,12.742,88.8,6.77,LST_ODISHA_2026_02.tif,3.0,2.0,1.0,2.0,2.0,2.0
Mayurbhanj,Mayurbhanj,21-376,2026_03,684,0.0,176110.355,212187.135,3110550.637,141059294.0,34.624,9.468,10.764,12.742,88.8,6.77,LST_ODISHA_2026_03.tif,4.0,2.0,1.0,2.0,3.0,1.0
Nabarangpur,Nabarangpur,21-397,2021_01,335,0.0,68007.03,137865.445,1449416.51,0.0,0.0,10.803,12.986,13.45,98.1,3.78,LST_ODISHA_2021_01.tif,3.0,3.0,1.0,3.0,1.0,5.0
Nabarangpur,Nabarangpur,21-397,2021_02,335,0.0,68007.03,137865.445,1449416.51,0.0,0.0,10.803,12.986,13.45,98.1,3.78,LST_ODISHA_2021_02.tif,2.0,3.0,1.0,3.0,1.0,5.0
Nabarangpur,Nabarangpur,21-397,2021_03,335,0.0,68007.03,137865.445,1449416.51,0.0,32.171,10.803,12.986,13.45,98.1,3.78,LST_ODISHA_2021_03.tif,3.0,3.0,1.0,3.0,3.0,5.0
Nabarangpur,Nabarangpur,21-397,2021_04,335,3901426.23,68007.03,137865.445,1449416.51,3901426.23,0.0,10.803,12.986,13.45,98.1,3.78,LST_ODISHA_2021_04.tif,3.0,3.0,1.0,3.0,2.0,4.0
Nabarangpur,Nabarangpur,21-397,2021_05,335,227792.0,68007.03,137865.445,1449416.51,4129218.23,0.743,10.803,12.986,13.45,98.1,3.78,LST_ODISHA_2021_05.tif,2.0,3.0,1.0,3.0,2.0,3.0
Nabarangpur,Nabarangpur,21-397,2021_06,335,0.0,68007.03,137865.445,1449416.51,4129218.23,0.0,10.803,12.986,13.45,98.1,3.78,LST_ODISHA_2021_06.tif,2.0,3.0,1.0,3.0,2.0,3.0
Nabarangpur,Nabarangpur,21-397,2021_07,335,0.0,68007.03,137865.445,1449416.51,4129218.23,16.083,10.803,12.986,13.45,98.1,3.78,LST_ODISHA_2021_07.tif,3.0,3.0,1.0,4.0,3.0,3.0
Nabarangpur,Nabarangpur,21-397,2021_08,335,2246278.0,68007.03,137865.445,1449416.51,6375496.23,19.639,10.803,12.986,13.45,98.1,3.78,LST_ODISHA_2021_08.tif,2.0,3.0,1.0,3.0,2.0,4.0
Nabarangpur,Nabarangpur,21-397,2021_09,335,559696.0,68007.03,137865.445,1449416.51,6935192.23,2.961,10.803,12.986,13.45,98.1,3.78,LST_ODISHA_2021_09.tif,3.0,3.0,1.0,3.0,3.0,3.0
Nabarangpur,Nabarangpur,21-397,2021_10,335,0.0,68007.03,137865.445,1449416.51,6935192.23,52.4,10.803,12.986,13.45,98.1,3.78,LST_ODISHA_2021_10.tif,3.0,3.0,1.0,3.0,3.0,4.0
Nabarangpur,Nabarangpur,21-397,2021_11,335,0.0,68007.03,137865.445,1449416.51,6935192.23,4.013,10.803,12.986,13.45,98.1,3.78,LST_ODISHA_2021_11.tif,4.0,3.0,1.0,3.0,3.0,4.0
Nabarangpur,Nabarangpur,21-397,2021_12,335,0.0,68007.03,137865.445,1449416.51,6935192.23,0.0,10.803,12.986,13.45,98.1,3.78,LST_ODISHA_2021_12.tif,3.0,3.0,1.0,3.0,2.0,5.0
Nabarangpur,Nabarangpur,21-397,2022_01,335,0.0,70964.022,139269.986,1473859.884,6935192.23,0.0,10.803,12.986,13.45,98.1,3.78,LST_ODISHA_2022_01.tif,3.0,3.0,1.0,3.0,3.0,5.0
Nabarangpur,Nabarangpur,21-397,2022_02,335,0.0,70964.022,139269.986,1473859.884,6935192.23,0.0,10.803,12.986,13.45,98.1,3.78,LST_ODISHA_2022_02.tif,3.0,3.0,1.0,3.0,3.0,5.0
Nabarangpur,Nabarangpur,21-397,2022_03,335,0.0,70964.022,139269.986,1473859.884,6935192.23,37.098,10.803,12.986,13.45,98.1,3.78,LST_ODISHA_2022_03.tif,3.0,3.0,1.0,3.0,3.0,5.0
Nabarangpur,Nabarangpur,21-397,2022_04,335,0.0,70964.022,139269.986,1473859.884,0.0,1.045,10.803,12.986,13.45,98.1,3.78,LST_ODISHA_2022_04.tif,2.0,3.0,1.0,3.0,2.0,4.0
Nabarangpur,Nabarangpur,21-397,2022_05,335,0.0,70964.022,139269.986,1473859.884,0.0,11.694,10.803,12.986,13.45,98.1,3.78,LST_ODISHA_2022_05.tif,3.0,3.0,1.0,3.0,3.0,4.0
Nabarangpur,Nabarangpur,21-397,2022_06,335,31911968.0,70964.022,139269.986,1473859.884,31911968.0,14.208,10.803,12.986,13.45,98.1,3.78,LST_ODISHA_2022_06.tif,2.0,3.0,1.0,3.0,2.0,4.0
Nabarangpur,Nabarangpur,21-397,2022_07,335,0.0,70964.022,139269.986,1473859.884,31911968.0,11.833,10.803,12.986,13.45,98.1,3.78,LST_ODISHA_2022_07.tif,4.0,3.0,1.0,3.0,4.0,4.0
Nabarangpur,Nabarangpur,21-397,2022_08,335,0.0,70964.022,139269.986,1473859.884,31911968.0,25.401,10.803,12.986,13.45,98.1,3.78,LST_ODISHA_2022_08.tif,5.0,3.0,1.0,3.0,4.0,3.0
Nabarangpur,Nabarangpur,21-397,2022_09,335,0.0,70964.022,139269.986,1473859.884,31911968.0,13.579,10.803,12.986,13.45,98.1,3.78,LST_ODISHA_2022_09.tif,5.0,3.0,1.0,3.0,4.0,2.0
Nabarangpur,Nabarangpur,21-397,2022_10,335,0.0,70964.022,139269.986,1473859.884,31911968.0,30.844,10.803,12.986,13.45,98.1,3.78,LST_ODISHA_2022_10.tif,3.0,3.0,1.0,3.0,3.0,3.0
Nabarangpur,Nabarangpur,21-397,2022_11,335,0.0,70964.022,139269.986,1473859.884,31911968.0,0.287,10.803,12.986,13.45,98.1,3.78,LST_ODISHA_2022_11.tif,3.0,3.0,1.0,3.0,2.0,4.0
Nabarangpur,Nabarangpur,21-397,2022_12,335,0.0,70964.022,139269.986,1473859.884,31911968.0,0.493,10.803,12.986,13.45,98.1,3.78,LST_ODISHA_2022_12.tif,4.0,3.0,1.0,3.0,3.0,5.0
Nabarangpur,Nabarangpur,21-397,2023_01,335,0.0,73921.014,140674.527,1498303.259,31911968.0,0.0,10.803,12.986,13.45,98.1,3.78,LST_ODISHA_2023_01.tif,3.0,3.0,1.0,3.0,3.0,5.0
Nabarangpur,Nabarangpur,21-397,2023_02,335,0.0,73921.014,140674.527,1498303.259,31911968.0,0.059,10.803,12.986,13.45,98.1,3.78,LST_ODISHA_2023_02.tif,3.0,3.0,1.0,3.0,2.0,5.0
Nabarangpur,Nabarangpur,21-397,2023_03,335,0.0,73921.014,140674.527,1498303.259,31911968.0,4.569,10.803,12.986,13.45,98.1,3.78,LST_ODISHA_2023_03.tif,1.0,3.0,1.0,3.0,2.0,4.0
Nabarangpur,Nabarangpur,21-397,2023_04,335,0.0,73921.014,140674.527,1498303.259,0.0,0.0,10.803,12.986,13.45,98.1,3.78,LST_ODISHA_2023_04.tif,3.0,3.0,1.0,3.0,1.0,3.0
Nabarangpur,Nabarangpur,21-397,2023_05,335,0.0,73921.014,140674.527,1498303.259,0.0,1.412,10.803,12.986,13.45,98.1,3.78,LST_ODISHA_2023_05.tif,2.0,3.0,1.0,3.0,1.0,3.0
Nabarangpur,Nabarangpur,21-397,2023_06,335,0.0,73921.014,140674.527,1498303.259,0.0,19.132,10.803,12.986,13.45,98.1,3.78,LST_ODISHA_2023_06.tif,2.0,3.0,1.0,3.0,1.0,4.0
Nabarangpur,Nabarangpur,21-397,2023_07,335,0.0,73921.014,140674.527,1498303.259,0.0,25.314,10.803,12.986,13.45,98.1,3.78,LST_ODISHA_2023_07.tif,1.0,3.0,1.0,3.0,1.0,2.0
Nabarangpur,Nabarangpur,21-397,2023_08,335,0.0,73921.014,140674.527,1498303.259,0.0,13.036,10.803,12.986,13.45,98.1,3.78,LST_ODISHA_2023_08.tif,1.0,3.0,1.0,3.0,1.0,2.0
Nabarangpur,Nabarangpur,21-397,2023_09,335,0.0,73921.014,140674.527,1498303.259,0.0,26.004,10.803,12.986,13.45,98.1,3.78,LST_ODISHA_2023_09.tif,2.0,3.0,1.0,3.0,2.0,1.0
Nabarangpur,Nabarangpur,21-397,2023_10,335,0.0,73921.014,140674.527,1498303.259,0.0,35.524,10.803,12.986,13.45,98.1,3.78,LST_ODISHA_2023_10.tif,1.0,3.0,1.0,3.0,1.0,4.0
Nabarangpur,Nabarangpur,21-397,2023_11,335,0.0,73921.014,140674.527,1498303.259,0.0,9.632,10.803,12.986,13.45,98.1,3.78,LST_ODISHA_2023_11.tif,4.0,3.0,1.0,3.0,3.0,5.0
Nabarangpur,Nabarangpur,21-397,2023_12,335,0.0,73921.014,140674.527,1498303.259,0.0,0.0,10.803,12.986,13.45,98.1,3.78,LST_ODISHA_2023_12.tif,3.0,3.0,1.0,3.0,1.0,4.0
Nabarangpur,Nabarangpur,21-397,2024_01,335,0.0,76878.006,142079.068,1522746.634,0.0,0.0,10.803,12.986,13.45,98.1,3.78,LST_ODISHA_2024_01.tif,3.0,3.0,1.0,3.0,1.0,5.0
Nabarangpur,Nabarangpur,21-397,2024_02,335,0.0,76878.006,142079.068,1522746.634,0.0,0.01,10.803,12.986,13.45,98.1,3.78,LST_ODISHA_2024_02.tif,2.0,3.0,1.0,3.0,2.0,5.0
Nabarangpur,Nabarangpur,21-397,2024_03,335,0.0,76878.006,142079.068,1522746.634,0.0,33.733,10.803,12.986,13.45,98.1,3.78,LST_ODISHA_2024_03.tif,2.0,3.0,1.0,3.0,2.0,4.0
Nabarangpur,Nabarangpur,21-397,2024_04,335,0.0,76878.006,142079.068,1522746.634,0.0,6.55,10.803,12.986,13.45,98.1,3.78,LST_ODISHA_2024_04.tif,3.0,3.0,1.0,3.0,3.0,4.0
Nabarangpur,Nabarangpur,21-397,2024_05,335,0.0,76878.006,142079.068,1522746.634,0.0,33.536,10.803,12.986,13.45,98.1,3.78,LST_ODISHA_2024_05.tif,4.0,3.0,1.0,4.0,4.0,4.0
Nabarangpur,Nabarangpur,21-397,2024_06,335,0.0,76878.006,142079.068,1522746.634,0.0,21.837,10.803,12.986,13.45,98.1,3.78,LST_ODISHA_2024_06.tif,2.0,3.0,1.0,4.0,2.0,3.0
Nabarangpur,Nabarangpur,21-397,2024_07,335,0.0,76878.006,142079.068,1522746.634,0.0,2.305,10.803,12.986,13.45,98.1,3.78,LST_ODISHA_2024_07.tif,1.0,3.0,1.0,4.0,2.0,0.0
Nabarangpur,Nabarangpur,21-397,2024_08,335,187179602.69,76878.006,142079.068,1522746.634,187179602.69,10.779,10.803,12.986,13.45,98.1,3.78,LST_ODISHA_2024_08.tif,4.0,3.0,1.0,1.0,3.0,2.0
Nabarangpur,Nabarangpur,21-397,2024_09,335,0.0,76878.006,142079.068,1522746.634,187179602.69,12.993,10.803,12.986,13.45,98.1,3.78,LST_ODISHA_2024_09.tif,1.0,3.0,1.0,1.0,1.0,1.0
Nabarangpur,Nabarangpur,21-397,2024_10,335,0.0,76878.006,142079.068,1522746.634,187179602.69,75.753,10.803,12.986,13.45,98.1,3.78,LST_ODISHA_2024_10.tif,4.0,3.0,1.0,2.0,3.0,5.0
Nabarangpur,Nabarangpur,21-397,2024_11,335,0.0,76878.006,142079.068,1522746.634,187179602.69,2.555,10.803,12.986,13.45,98.1,3.78,LST_ODISHA_2024_11.tif,3.0,3.0,1.0,2.0,2.0,5.0
Nabarangpur,Nabarangpur,21-397,2024_12,335,0.0,76878.006,142079.068,1522746.634,187179602.69,0.498,10.803,12.986,13.45,98.1,3.78,LST_ODISHA_2024_12.tif,4.0,3.0,1.0,2.0,3.0,5.0
Nabarangpur,Nabarangpur,21-397,2025_01,335,1003784.0,79834.998,143483.609,1547190.008,188183386.69,0.0,10.803,12.986,13.45,98.1,3.78,LST_ODISHA_2025_01.tif,3.0,3.0,1.0,2.0,2.0,5.0
Nabarangpur,Nabarangpur,21-397,2025_02,335,0.0,79834.998,143483.609,1547190.008,188183386.69,0.0,10.803,12.986,13.45,98.1,3.78,LST_ODISHA_2025_02.tif,3.0,3.0,1.0,2.0,1.0,5.0
Nabarangpur,Nabarangpur,21-397,2025_03,335,406310.0,79834.998,143483.609,1547190.008,188589696.69,52.113,10.803,12.986,13.45,98.1,3.78,LST_ODISHA_2025_03.tif,5.0,3.0,1.0,2.0,4.0,4.0
Nabarangpur,Nabarangpur,21-397,2025_04,335,0.0,79834.998,143483.609,1547190.008,0.0,2.279,10.803,12.986,13.45,98.1,3.78,LST_ODISHA_2025_04.tif,2.0,3.0,1.0,3.0,2.0,3.0
Nabarangpur,Nabarangpur,21-397,2025_05,335,18825549.0,79834.998,143483.609,1547190.008,18825549.0,4.076,10.803,12.986,13.45,98.1,3.78,LST_ODISHA_2025_05.tif,2.0,3.0,1.0,3.0,2.0,3.0
Nabarangpur,Nabarangpur,21-397,2025_06,335,0.0,79834.998,143483.609,1547190.008,18825549.0,0.839,10.803,12.986,13.45,98.1,3.78,LST_ODISHA_2025_06.tif,2.0,3.0,1.0,3.0,2.0,2.0
Nabarangpur,Nabarangpur,21-397,2025_07,335,0.0,79834.998,143483.609,1547190.008,18825549.0,23.935,10.803,12.986,13.45,98.1,3.78,LST_ODISHA_2025_07.tif,4.0,3.0,1.0,3.0,4.0,1.0
Nabarangpur,Nabarangpur,21-397,2025_08,335,0.0,79834.998,143483.609,1547190.008,18825549.0,26.057,10.803,12.986,13.45,98.1,3.78,LST_ODISHA_2025_08.tif,4.0,3.0,1.0,3.0,4.0,3.0
Nabarangpur,Nabarangpur,21-397,2025_09,335,0.0,79834.998,143483.609,1547190.008,18825549.0,13.811,10.803,12.986,13.45,98.1,3.78,LST_ODISHA_2025_09.tif,3.0,3.0,1.0,3.0,2.0,2.0
Nabarangpur,Nabarangpur,21-397,2025_10,335,576305.0,79834.998,143483.609,1547190.008,19401854.0,38.319,10.803,12.986,13.45,98.1,3.78,LST_ODISHA_2025_10.tif,2.0,3.0,1.0,3.0,2.0,2.0
Nabarangpur,Nabarangpur,21-397,2025_11,335,0.0,79834.998,143483.609,1547190.008,19401854.0,2.935,10.803,12.986,13.45,98.1,3.78,LST_ODISHA_2025_11.tif,3.0,3.0,1.0,3.0,3.0,5.0
Nabarangpur,Nabarangpur,21-397,2025_12,335,0.0,79834.998,143483.609,1547190.008,19401854.0,0.0,10.803,12.986,13.45,98.1,3.78,LST_ODISHA_2025_12.tif,3.0,3.0,1.0,3.0,3.0,5.0
Nabarangpur,Nabarangpur,21-397,2026_01,335,0.0,82791.99,144888.15,1571633.383,19401854.0,0.0,10.803,12.986,13.45,98.1,3.78,LST_ODISHA_2026_01.tif,3.0,3.0,1.0,3.0,3.0,5.0
Nabarangpur,Nabarangpur,21-397,2026_02,335,0.0,82791.99,144888.15,1571633.383,19401854.0,0.0,10.803,12.986,13.45,98.1,3.78,LST_ODISHA_2026_02.tif,3.0,3.0,1.0,3.0,3.0,4.0
Nabarangpur,Nabarangpur,21-397,2026_03,335,0.0,82791.99,144888.15,1571633.383,19401854.0,26.698,10.803,12.986,13.45,98.1,3.78,LST_ODISHA_2026_03.tif,3.0,3.0,1.0,3.0,3.0,5.0
Nayagarh,Nayagarh,21-385,2021_01,201,0.0,83382.05,69381.58,1023408.557,0.0,0.0,10.476,9.948,12.135,87.5,8.278,LST_ODISHA_2021_01.tif,3.0,2.0,1.0,3.0,1.0,3.0
Nayagarh,Nayagarh,21-385,2021_02,201,0.0,83382.05,69381.58,1023408.557,0.0,0.0,10.476,9.948,12.135,87.5,8.278,LST_ODISHA_2021_02.tif,2.0,2.0,1.0,3.0,1.0,4.0
Nayagarh,Nayagarh,21-385,2021_03,201,0.0,83382.05,69381.58,1023408.557,0.0,32.207,10.476,9.948,12.135,87.5,8.278,LST_ODISHA_2021_03.tif,3.0,2.0,1.0,3.0,3.0,3.0
Nayagarh,Nayagarh,21-385,2021_04,201,227649.0,83382.05,69381.58,1023408.557,227649.0,0.0,10.476,9.948,12.135,87.5,8.278,LST_ODISHA_2021_04.tif,3.0,2.0,1.0,3.0,2.0,3.0
Nayagarh,Nayagarh,21-385,2021_05,201,0.0,83382.05,69381.58,1023408.557,227649.0,3.026,10.476,9.948,12.135,87.5,8.278,LST_ODISHA_2021_05.tif,3.0,2.0,1.0,4.0,3.0,3.0
Nayagarh,Nayagarh,21-385,2021_06,201,0.0,83382.05,69381.58,1023408.557,227649.0,0.427,10.476,9.948,12.135,87.5,8.278,LST_ODISHA_2021_06.tif,2.0,2.0,1.0,4.0,2.0,4.0
Nayagarh,Nayagarh,21-385,2021_07,201,0.0,83382.05,69381.58,1023408.557,227649.0,17.474,10.476,9.948,12.135,87.5,8.278,LST_ODISHA_2021_07.tif,3.0,2.0,1.0,4.0,3.0,1.0
Nayagarh,Nayagarh,21-385,2021_08,201,0.0,83382.05,69381.58,1023408.557,227649.0,24.858,10.476,9.948,12.135,87.5,8.278,LST_ODISHA_2021_08.tif,4.0,2.0,1.0,3.0,4.0,4.0
Nayagarh,Nayagarh,21-385,2021_09,201,0.0,83382.05,69381.58,1023408.557,227649.0,4.755,10.476,9.948,12.135,87.5,8.278,LST_ODISHA_2021_09.tif,4.0,2.0,1.0,3.0,4.0,1.0
Nayagarh,Nayagarh,21-385,2021_10,201,0.0,83382.05,69381.58,1023408.557,227649.0,55.973,10.476,9.948,12.135,87.5,8.278,LST_ODISHA_2021_10.tif,4.0,2.0,1.0,3.0,4.0,2.0
Nayagarh,Nayagarh,21-385,2021_11,201,0.0,83382.05,69381.58,1023408.557,227649.0,2.07,10.476,9.948,12.135,87.5,8.278,LST_ODISHA_2021_11.tif,3.0,2.0,1.0,3.0,3.0,2.0
Nayagarh,Nayagarh,21-385,2021_12,201,0.0,83382.05,69381.58,1023408.557,227649.0,0.0,10.476,9.948,12.135,87.5,8.278,LST_ODISHA_2021_12.tif,3.0,2.0,1.0,3.0,2.0,2.0
Nayagarh,Nayagarh,21-385,2022_01,201,0.0,86302.462,69584.04,1034448.956,227649.0,0.0,10.476,9.948,12.135,87.5,8.278,LST_ODISHA_2022_01.tif,3.0,2.0,1.0,3.0,3.0,3.0
Nayagarh,Nayagarh,21-385,2022_02,201,0.0,86302.462,69584.04,1034448.956,227649.0,0.0,10.476,9.948,12.135,87.5,8.278,LST_ODISHA_2022_02.tif,3.0,2.0,1.0,3.0,3.0,3.0
Nayagarh,Nayagarh,21-385,2022_03,201,0.0,86302.462,69584.04,1034448.956,227649.0,35.907,10.476,9.948,12.135,87.5,8.278,LST_ODISHA_2022_03.tif,3.0,2.0,1.0,3.0,3.0,2.0
Nayagarh,Nayagarh,21-385,2022_04,201,0.0,86302.462,69584.04,1034448.956,0.0,4.437,10.476,9.948,12.135,87.5,8.278,LST_ODISHA_2022_04.tif,4.0,2.0,1.0,3.0,3.0,2.0
Nayagarh,Nayagarh,21-385,2022_05,201,0.0,86302.462,69584.04,1034448.956,0.0,6.795,10.476,9.948,12.135,87.5,8.278,LST_ODISHA_2022_05.tif,2.0,2.0,1.0,3.0,2.0,3.0
Nayagarh,Nayagarh,21-385,2022_06,201,0.0,86302.462,69584.04,1034448.956,0.0,19.749,10.476,9.948,12.135,87.5,8.278,LST_ODISHA_2022_06.tif,4.0,2.0,1.0,3.0,4.0,1.0
Nayagarh,Nayagarh,21-385,2022_07,201,0.0,86302.462,69584.04,1034448.956,0.0,13.179,10.476,9.948,12.135,87.5,8.278,LST_ODISHA_2022_07.tif,4.0,2.0,1.0,3.0,4.0,3.0
Nayagarh,Nayagarh,21-385,2022_08,201,0.0,86302.462,69584.04,1034448.956,0.0,19.444,10.476,9.948,12.135,87.5,8.278,LST_ODISHA_2022_08.tif,3.0,2.0,1.0,3.0,3.0,4.0
Nayagarh,Nayagarh,21-385,2022_09,201,0.0,86302.462,69584.04,1034448.956,0.0,7.84,10.476,9.948,12.135,87.5,8.278,LST_ODISHA_2022_09.tif,2.0,2.0,1.0,3.0,2.0,4.0
Nayagarh,Nayagarh,21-385,2022_10,201,0.0,86302.462,69584.04,1034448.956,0.0,28.417,10.476,9.948,12.135,87.5,8.278,LST_ODISHA_2022_10.tif,2.0,2.0,1.0,3.0,2.0,3.0
Nayagarh,Nayagarh,21-385,2022_11,201,0.0,86302.462,69584.04,1034448.956,0.0,0.0,10.476,9.948,12.135,87.5,8.278,LST_ODISHA_2022_11.tif,3.0,2.0,1.0,3.0,2.0,3.0
Nayagarh,Nayagarh,21-385,2022_12,201,0.0,86302.462,69584.04,1034448.956,0.0,0.0,10.476,9.948,12.135,87.5,8.278,LST_ODISHA_2022_12.tif,3.0,2.0,1.0,3.0,2.0,4.0
Nayagarh,Nayagarh,21-385,2023_01,201,0.0,89222.874,69786.5,1045489.355,0.0,0.0,10.476,9.948,12.135,87.5,8.278,LST_ODISHA_2023_01.tif,3.0,2.0,1.0,3.0,3.0,3.0
Nayagarh,Nayagarh,21-385,2023_02,201,0.0,89222.874,69786.5,1045489.355,0.0,0.0,10.476,9.948,12.135,87.5,8.278,LST_ODISHA_2023_02.tif,3.0,2.0,1.0,3.0,2.0,4.0
Nayagarh,Nayagarh,21-385,2023_03,201,0.0,89222.874,69786.5,1045489.355,0.0,13.252,10.476,9.948,12.135,87.5,8.278,LST_ODISHA_2023_03.tif,4.0,2.0,1.0,3.0,4.0,3.0
Nayagarh,Nayagarh,21-385,2023_04,201,0.0,89222.874,69786.5,1045489.355,0.0,0.016,10.476,9.948,12.135,87.5,8.278,LST_ODISHA_2023_04.tif,3.0,2.0,1.0,3.0,1.0,2.0
Nayagarh,Nayagarh,21-385,2023_05,201,0.0,89222.874,69786.5,1045489.355,0.0,10.975,10.476,9.948,12.135,87.5,8.278,LST_ODISHA_2023_05.tif,4.0,2.0,1.0,3.0,3.0,3.0
Nayagarh,Nayagarh,21-385,2023_06,201,0.0,89222.874,69786.5,1045489.355,0.0,21.985,10.476,9.948,12.135,87.5,8.278,LST_ODISHA_2023_06.tif,3.0,2.0,1.0,3.0,2.0,3.0
Nayagarh,Nayagarh,21-385,2023_07,201,0.0,89222.874,69786.5,1045489.355,0.0,36.704,10.476,9.948,12.135,87.5,8.278,LST_ODISHA_2023_07.tif,3.0,2.0,1.0,3.0,3.0,1.0
Nayagarh,Nayagarh,21-385,2023_08,201,0.0,89222.874,69786.5,1045489.355,0.0,18.426,10.476,9.948,12.135,87.5,8.278,LST_ODISHA_2023_08.tif,3.0,2.0,1.0,3.0,3.0,1.0
Nayagarh,Nayagarh,21-385,2023_09,201,0.0,89222.874,69786.5,1045489.355,0.0,33.722,10.476,9.948,12.135,87.5,8.278,LST_ODISHA_2023_09.tif,4.0,2.0,1.0,3.0,3.0,4.0
Nayagarh,Nayagarh,21-385,2023_10,201,0.0,89222.874,69786.5,1045489.355,0.0,43.661,10.476,9.948,12.135,87.5,8.278,LST_ODISHA_2023_10.tif,3.0,2.0,1.0,3.0,3.0,4.0
Nayagarh,Nayagarh,21-385,2023_11,201,0.0,89222.874,69786.5,1045489.355,0.0,5.91,10.476,9.948,12.135,87.5,8.278,LST_ODISHA_2023_11.tif,3.0,2.0,1.0,3.0,2.0,3.0
Nayagarh,Nayagarh,21-385,2023_12,201,0.0,89222.874,69786.5,1045489.355,0.0,0.0,10.476,9.948,12.135,87.5,8.278,LST_ODISHA_2023_12.tif,3.0,2.0,1.0,3.0,1.0,3.0
Nayagarh,Nayagarh,21-385,2024_01,201,0.0,92143.286,69988.96,1056529.755,0.0,0.0,10.476,9.948,12.135,87.5,8.278,LST_ODISHA_2024_01.tif,3.0,2.0,1.0,3.0,1.0,3.0
Nayagarh,Nayagarh,21-385,2024_02,201,0.0,92143.286,69988.96,1056529.755,0.0,0.34,10.476,9.948,12.135,87.5,8.278,LST_ODISHA_2024_02.tif,3.0,2.0,1.0,3.0,3.0,5.0
Nayagarh,Nayagarh,21-385,2024_03,201,0.0,92143.286,69988.96,1056529.755,0.0,42.021,10.476,9.948,12.135,87.5,8.278,LST_ODISHA_2024_03.tif,4.0,2.0,1.0,3.0,4.0,4.0
Nayagarh,Nayagarh,21-385,2024_04,201,5065805.0,92143.286,69988.96,1056529.755,5065805.0,6.163,10.476,9.948,12.135,87.5,8.278,LST_ODISHA_2024_04.tif,3.0,2.0,1.0,3.0,3.0,3.0
Nayagarh,Nayagarh,21-385,2024_05,201,0.0,92143.286,69988.96,1056529.755,5065805.0,33.526,10.476,9.948,12.135,87.5,8.278,LST_ODISHA_2024_05.tif,4.0,2.0,1.0,3.0,3.0,2.0
Nayagarh,Nayagarh,21-385,2024_06,201,0.0,92143.286,69988.96,1056529.755,5065805.0,37.149,10.476,9.948,12.135,87.5,8.278,LST_ODISHA_2024_06.tif,3.0,2.0,1.0,3.0,3.0,3.0
Nayagarh,Nayagarh,21-385,2024_07,201,0.0,92143.286,69988.96,1056529.755,5065805.0,19.539,10.476,9.948,12.135,87.5,8.278,LST_ODISHA_2024_07.tif,3.0,2.0,1.0,3.0,3.0,1.0
Nayagarh,Nayagarh,21-385,2024_08,201,0.0,92143.286,69988.96,1056529.755,5065805.0,9.486,10.476,9.948,12.135,87.5,8.278,LST_ODISHA_2024_08.tif,4.0,2.0,1.0,4.0,3.0,1.0
Nayagarh,Nayagarh,21-385,2024_09,201,0.0,92143.286,69988.96,1056529.755,5065805.0,17.862,10.476,9.948,12.135,87.5,8.278,LST_ODISHA_2024_09.tif,3.0,2.0,1.0,4.0,3.0,5.0
Nayagarh,Nayagarh,21-385,2024_10,201,0.0,92143.286,69988.96,1056529.755,5065805.0,72.444,10.476,9.948,12.135,87.5,8.278,LST_ODISHA_2024_10.tif,3.0,2.0,1.0,4.0,3.0,3.0
Nayagarh,Nayagarh,21-385,2024_11,201,0.0,92143.286,69988.96,1056529.755,5065805.0,3.681,10.476,9.948,12.135,87.5,8.278,LST_ODISHA_2024_11.tif,4.0,2.0,1.0,4.0,3.0,3.0
Nayagarh,Nayagarh,21-385,2024_12,201,0.0,92143.286,69988.96,1056529.755,5065805.0,0.0,10.476,9.948,12.135,87.5,8.278,LST_ODISHA_2024_12.tif,3.0,2.0,1.0,4.0,2.0,3.0
Nayagarh,Nayagarh,21-385,2025_01,201,357502.0,95063.698,70191.42,1067570.154,5423307.0,0.0,10.476,9.948,12.135,87.5,8.278,LST_ODISHA_2025_01.tif,3.0,2.0,1.0,4.0,3.0,3.0
Nayagarh,Nayagarh,21-385,2025_02,201,0.0,95063.698,70191.42,1067570.154,5423307.0,0.016,10.476,9.948,12.135,87.5,8.278,LST_ODISHA_2025_02.tif,3.0,2.0,1.0,4.0,2.0,3.0
Nayagarh,Nayagarh,21-385,2025_03,201,0.0,95063.698,70191.42,1067570.154,5423307.0,39.661,10.476,9.948,12.135,87.5,8.278,LST_ODISHA_2025_03.tif,3.0,2.0,1.0,4.0,3.0,3.0
Nayagarh,Nayagarh,21-385,2025_04,201,2648938.0,95063.698,70191.42,1067570.154,2648938.0,8.822,10.476,9.948,12.135,87.5,8.278,LST_ODISHA_2025_04.tif,5.0,2.0,1.0,3.0,4.0,2.0
Nayagarh,Nayagarh,21-385,2025_05,201,0.0,95063.698,70191.42,1067570.154,2648938.0,3.917,10.476,9.948,12.135,87.5,8.278,LST_ODISHA_2025_05.tif,2.0,2.0,1.0,3.0,2.0,3.0
Nayagarh,Nayagarh,21-385,2025_06,201,0.0,95063.698,70191.42,1067570.154,2648938.0,1.413,10.476,9.948,12.135,87.5,8.278,LST_ODISHA_2025_06.tif,2.0,2.0,1.0,3.0,2.0,2.0
Nayagarh,Nayagarh,21-385,2025_07,201,0.0,95063.698,70191.42,1067570.154,2648938.0,22.921,10.476,9.948,12.135,87.5,8.278,LST_ODISHA_2025_07.tif,4.0,2.0,1.0,3.0,4.0,3.0
Nayagarh,Nayagarh,21-385,2025_08,201,0.0,95063.698,70191.42,1067570.154,2648938.0,29.128,10.476,9.948,12.135,87.5,8.278,LST_ODISHA_2025_08.tif,5.0,2.0,1.0,3.0,4.0,2.0
Nayagarh,Nayagarh,21-385,2025_09,201,0.0,95063.698,70191.42,1067570.154,2648938.0,11.901,10.476,9.948,12.135,87.5,8.278,LST_ODISHA_2025_09.tif,3.0,2.0,1.0,3.0,2.0,4.0
Nayagarh,Nayagarh,21-385,2025_10,201,0.0,95063.698,70191.42,1067570.154,2648938.0,46.948,10.476,9.948,12.135,87.5,8.278,LST_ODISHA_2025_10.tif,5.0,2.0,1.0,3.0,4.0,3.0
Nayagarh,Nayagarh,21-385,2025_11,201,0.0,95063.698,70191.42,1067570.154,2648938.0,2.558,10.476,9.948,12.135,87.5,8.278,LST_ODISHA_2025_11.tif,3.0,2.0,1.0,3.0,3.0,4.0
Nayagarh,Nayagarh,21-385,2025_12,201,0.0,95063.698,70191.42,1067570.154,2648938.0,0.0,10.476,9.948,12.135,87.5,8.278,LST_ODISHA_2025_12.tif,3.0,2.0,1.0,3.0,3.0,3.0
Nayagarh,Nayagarh,21-385,2026_01,201,0.0,97984.11,70393.88,1078610.554,2648938.0,0.0,10.476,9.948,12.135,87.5,8.278,LST_ODISHA_2026_01.tif,3.0,2.0,1.0,3.0,3.0,4.0
Nayagarh,Nayagarh,21-385,2026_02,201,0.0,97984.11,70393.88,1078610.554,2648938.0,0.0,10.476,9.948,12.135,87.5,8.278,LST_ODISHA_2026_02.tif,3.0,2.0,1.0,3.0,3.0,4.0
Nayagarh,Nayagarh,21-385,2026_03,201,0.0,97984.11,70393.88,1078610.554,2648938.0,27.105,10.476,9.948,12.135,87.5,8.278,LST_ODISHA_2026_03.tif,3.0,2.0,1.0,3.0,3.0,4.0
Nuapada,Nuapada,21-394,2021_01,114,0.0,49679.46,61068.58,711572.566,0.0,0.0,9.562,9.304,7.642,91.9,5.402,LST_ODISHA_2021_01.tif,3.0,3.0,1.0,3.0,1.0,5.0
Nuapada,Nuapada,21-394,2021_02,114,0.0,49679.46,61068.58,711572.566,0.0,0.0,9.562,9.304,7.642,91.9,5.402,LST_ODISHA_2021_02.tif,2.0,3.0,1.0,3.0,1.0,5.0
Nuapada,Nuapada,21-394,2021_03,114,0.0,49679.46,61068.58,711572.566,0.0,27.27,9.562,9.304,7.642,91.9,5.402,LST_ODISHA_2021_03.tif,2.0,3.0,1.0,3.0,2.0,5.0
Nuapada,Nuapada,21-394,2021_04,114,256268031.0,49679.46,61068.58,711572.566,256268031.0,0.0,9.562,9.304,7.642,91.9,5.402,LST_ODISHA_2021_04.tif,3.0,3.0,1.0,1.0,1.0,5.0
Nuapada,Nuapada,21-394,2021_05,114,65691475.0,49679.46,61068.58,711572.566,321959506.0,0.116,9.562,9.304,7.642,91.9,5.402,LST_ODISHA_2021_05.tif,2.0,3.0,1.0,1.0,1.0,4.0
Nuapada,Nuapada,21-394,2021_06,114,85991229.0,49679.46,61068.58,711572.566,407950735.0,2.111,9.562,9.304,7.642,91.9,5.402,LST_ODISHA_2021_06.tif,3.0,3.0,1.0,1.0,2.0,4.0
Nuapada,Nuapada,21-394,2021_07,114,53431592.0,49679.46,61068.58,711572.566,461382327.0,15.458,9.562,9.304,7.642,91.9,5.402,LST_ODISHA_2021_07.tif,2.0,3.0,1.0,1.0,2.0,2.0
Nuapada,Nuapada,21-394,2021_08,114,0.0,49679.46,61068.58,711572.566,461382327.0,20.094,9.562,9.304,7.642,91.9,5.402,LST_ODISHA_2021_08.tif,2.0,3.0,1.0,2.0,2.0,4.0
Nuapada,Nuapada,21-394,2021_09,114,0.0,49679.46,61068.58,711572.566,461382327.0,4.925,9.562,9.304,7.642,91.9,5.402,LST_ODISHA_2021_09.tif,4.0,3.0,1.0,3.0,4.0,3.0
Nuapada,Nuapada,21-394,2021_10,114,0.0,49679.46,61068.58,711572.566,461382327.0,53.257,9.562,9.304,7.642,91.9,5.402,LST_ODISHA_2021_10.tif,3.0,3.0,1.0,3.0,3.0,5.0
Nuapada,Nuapada,21-394,2021_11,114,0.0,49679.46,61068.58,711572.566,461382327.0,1.886,9.562,9.304,7.642,91.9,5.402,LST_ODISHA_2021_11.tif,3.0,3.0,1.0,3.0,3.0,5.0
Nuapada,Nuapada,21-394,2021_12,114,14499605.0,49679.46,61068.58,711572.566,475881932.0,0.0,9.562,9.304,7.642,91.9,5.402,LST_ODISHA_2021_12.tif,3.0,3.0,1.0,3.0,2.0,4.0
Nuapada,Nuapada,21-394,2022_01,114,0.0,51658.048,61480.833,721922.113,475881932.0,0.0,9.562,9.304,7.642,91.9,5.402,LST_ODISHA_2022_01.tif,3.0,3.0,1.0,3.0,3.0,4.0
Nuapada,Nuapada,21-394,2022_02,114,0.0,51658.048,61480.833,721922.113,475881932.0,0.0,9.562,9.304,7.642,91.9,5.402,LST_ODISHA_2022_02.tif,3.0,3.0,1.0,3.0,3.0,4.0
Nuapada,Nuapada,21-394,2022_03,114,0.0,51658.048,61480.833,721922.113,475881932.0,37.568,9.562,9.304,7.642,91.9,5.402,LST_ODISHA_2022_03.tif,3.0,3.0,1.0,3.0,3.0,5.0
Nuapada,Nuapada,21-394,2022_04,114,0.0,51658.048,61480.833,721922.113,0.0,0.459,9.562,9.304,7.642,91.9,5.402,LST_ODISHA_2022_04.tif,2.0,3.0,1.0,3.0,2.0,5.0
Nuapada,Nuapada,21-394,2022_05,114,28420828.0,51658.048,61480.833,721922.113,28420828.0,14.129,9.562,9.304,7.642,91.9,5.402,LST_ODISHA_2022_05.tif,4.0,3.0,1.0,3.0,4.0,5.0
Nuapada,Nuapada,21-394,2022_06,114,19813688.0,51658.048,61480.833,721922.113,48234516.0,12.011,9.562,9.304,7.642,91.9,5.402,LST_ODISHA_2022_06.tif,2.0,3.0,1.0,3.0,2.0,5.0
Nuapada,Nuapada,21-394,2022_07,114,0.0,51658.048,61480.833,721922.113,48234516.0,13.852,9.562,9.304,7.642,91.9,5.402,LST_ODISHA_2022_07.tif,5.0,3.0,1.0,3.0,4.0,5.0
Nuapada,Nuapada,21-394,2022_08,114,0.0,51658.048,61480.833,721922.113,48234516.0,23.46,9.562,9.304,7.642,91.9,5.402,LST_ODISHA_2022_08.tif,4.0,3.0,1.0,3.0,4.0,4.0
Nuapada,Nuapada,21-394,2022_09,114,0.0,51658.048,61480.833,721922.113,48234516.0,10.73,9.562,9.304,7.642,91.9,5.402,LST_ODISHA_2022_09.tif,4.0,3.0,1.0,3.0,3.0,4.0
Nuapada,Nuapada,21-394,2022_10,114,0.0,51658.048,61480.833,721922.113,48234516.0,33.473,9.562,9.304,7.642,91.9,5.402,LST_ODISHA_2022_10.tif,4.0,3.0,1.0,3.0,4.0,4.0
Nuapada,Nuapada,21-394,2022_11,114,0.0,51658.048,61480.833,721922.113,48234516.0,0.0,9.562,9.304,7.642,91.9,5.402,LST_ODISHA_2022_11.tif,3.0,3.0,1.0,3.0,2.0,4.0
Nuapada,Nuapada,21-394,2022_12,114,0.0,51658.048,61480.833,721922.113,48234516.0,0.027,9.562,9.304,7.642,91.9,5.402,LST_ODISHA_2022_12.tif,3.0,3.0,1.0,3.0,2.0,5.0
Nuapada,Nuapada,21-394,2023_01,114,0.0,53636.636,61893.086,732271.66,48234516.0,0.0,9.562,9.304,7.642,91.9,5.402,LST_ODISHA_2023_01.tif,3.0,3.0,1.0,3.0,3.0,4.0
Nuapada,Nuapada,21-394,2023_02,114,0.0,53636.636,61893.086,732271.66,48234516.0,0.116,9.562,9.304,7.642,91.9,5.402,LST_ODISHA_2023_02.tif,4.0,3.0,1.0,3.0,3.0,5.0
Nuapada,Nuapada,21-394,2023_03,114,0.0,53636.636,61893.086,732271.66,48234516.0,6.702,9.562,9.304,7.642,91.9,5.402,LST_ODISHA_2023_03.tif,2.0,3.0,1.0,3.0,3.0,5.0
Nuapada,Nuapada,21-394,2023_04,114,0.0,53636.636,61893.086,732271.66,0.0,0.0,9.562,9.304,7.642,91.9,5.402,LST_ODISHA_2023_04.tif,3.0,3.0,1.0,3.0,1.0,5.0
Nuapada,Nuapada,21-394,2023_05,114,0.0,53636.636,61893.086,732271.66,0.0,1.313,9.562,9.304,7.642,91.9,5.402,LST_ODISHA_2023_05.tif,2.0,3.0,1.0,3.0,1.0,5.0
Nuapada,Nuapada,21-394,2023_06,114,0.0,53636.636,61893.086,732271.66,0.0,18.702,9.562,9.304,7.642,91.9,5.402,LST_ODISHA_2023_06.tif,2.0,3.0,1.0,3.0,1.0,5.0
Nuapada,Nuapada,21-394,2023_07,114,0.0,53636.636,61893.086,732271.66,0.0,28.306,9.562,9.304,7.642,91.9,5.402,LST_ODISHA_2023_07.tif,2.0,3.0,1.0,3.0,2.0,2.0
Nuapada,Nuapada,21-394,2023_08,114,0.0,53636.636,61893.086,732271.66,0.0,13.636,9.562,9.304,7.642,91.9,5.402,LST_ODISHA_2023_08.tif,2.0,3.0,1.0,3.0,2.0,2.0
Nuapada,Nuapada,21-394,2023_09,114,0.0,53636.636,61893.086,732271.66,0.0,22.018,9.562,9.304,7.642,91.9,5.402,LST_ODISHA_2023_09.tif,1.0,3.0,1.0,3.0,1.0,2.0
Nuapada,Nuapada,21-394,2023_10,114,0.0,53636.636,61893.086,732271.66,0.0,38.301,9.562,9.304,7.642,91.9,5.402,LST_ODISHA_2023_10.tif,2.0,3.0,1.0,3.0,2.0,4.0
Nuapada,Nuapada,21-394,2023_11,114,0.0,53636.636,61893.086,732271.66,0.0,5.257,9.562,9.304,7.642,91.9,5.402,LST_ODISHA_2023_11.tif,3.0,3.0,1.0,3.0,2.0,4.0
Nuapada,Nuapada,21-394,2023_12,114,0.0,53636.636,61893.086,732271.66,0.0,0.0,9.562,9.304,7.642,91.9,5.402,LST_ODISHA_2023_12.tif,3.0,3.0,1.0,3.0,1.0,3.0
Nuapada,Nuapada,21-394,2024_01,114,0.0,55615.224,62305.339,742621.207,0.0,0.0,9.562,9.304,7.642,91.9,5.402,LST_ODISHA_2024_01.tif,3.0,3.0,1.0,3.0,1.0,4.0
Nuapada,Nuapada,21-394,2024_02,114,0.0,55615.224,62305.339,742621.207,0.0,0.029,9.562,9.304,7.642,91.9,5.402,LST_ODISHA_2024_02.tif,2.0,3.0,1.0,3.0,2.0,5.0
Nuapada,Nuapada,21-394,2024_03,114,0.0,55615.224,62305.339,742621.207,0.0,28.539,9.562,9.304,7.642,91.9,5.402,LST_ODISHA_2024_03.tif,1.0,3.0,1.0,3.0,2.0,4.0
Nuapada,Nuapada,21-394,2024_04,114,0.0,55615.224,62305.339,742621.207,0.0,2.81,9.562,9.304,7.642,91.9,5.402,LST_ODISHA_2024_04.tif,2.0,3.0,1.0,3.0,2.0,4.0
Nuapada,Nuapada,21-394,2024_05,114,0.0,55615.224,62305.339,742621.207,0.0,29.346,9.562,9.304,7.642,91.9,5.402,LST_ODISHA_2024_05.tif,3.0,3.0,1.0,4.0,3.0,5.0
Nuapada,Nuapada,21-394,2024_06,114,0.0,55615.224,62305.339,742621.207,0.0,43.909,9.562,9.304,7.642,91.9,5.402,LST_ODISHA_2024_06.tif,3.0,3.0,1.0,4.0,3.0,5.0
Nuapada,Nuapada,21-394,2024_07,114,0.0,55615.224,62305.339,742621.207,0.0,15.443,9.562,9.304,7.642,91.9,5.402,LST_ODISHA_2024_07.tif,3.0,3.0,1.0,4.0,3.0,0.0
Nuapada,Nuapada,21-394,2024_08,114,82236897.84,55615.224,62305.339,742621.207,82236897.84,7.565,9.562,9.304,7.642,91.9,5.402,LST_ODISHA_2024_08.tif,3.0,3.0,1.0,2.0,2.0,2.0
Nuapada,Nuapada,21-394,2024_09,114,0.0,55615.224,62305.339,742621.207,82236897.84,17.476,9.562,9.304,7.642,91.9,5.402,LST_ODISHA_2024_09.tif,3.0,3.0,1.0,3.0,3.0,3.0
Nuapada,Nuapada,21-394,2024_10,114,0.0,55615.224,62305.339,742621.207,82236897.84,71.978,9.562,9.304,7.642,91.9,5.402,LST_ODISHA_2024_10.tif,3.0,3.0,1.0,3.0,3.0,4.0
Nuapada,Nuapada,21-394,2024_11,114,0.0,55615.224,62305.339,742621.207,82236897.84,1.509,9.562,9.304,7.642,91.9,5.402,LST_ODISHA_2024_11.tif,2.0,3.0,1.0,3.0,2.0,4.0
Nuapada,Nuapada,21-394,2024_12,114,0.0,55615.224,62305.339,742621.207,82236897.84,0.0,9.562,9.304,7.642,91.9,5.402,LST_ODISHA_2024_12.tif,3.0,3.0,1.0,3.0,2.0,4.0
Nuapada,Nuapada,21-394,2025_01,114,0.0,57593.812,62717.592,752970.754,82236897.84,0.0,9.562,9.304,7.642,91.9,5.402,LST_ODISHA_2025_01.tif,3.0,3.0,1.0,3.0,2.0,5.0
Nuapada,Nuapada,21-394,2025_02,114,0.0,57593.812,62717.592,752970.754,82236897.84,0.0,9.562,9.304,7.642,91.9,5.402,LST_ODISHA_2025_02.tif,3.0,3.0,1.0,3.0,2.0,5.0
Nuapada,Nuapada,21-394,2025_03,114,50056906.64,57593.812,62717.592,752970.754,132293804.48,47.461,9.562,9.304,7.642,91.9,5.402,LST_ODISHA_2025_03.tif,4.0,3.0,1.0,2.0,3.0,4.0
Nuapada,Nuapada,21-394,2025_04,114,0.0,57593.812,62717.592,752970.754,0.0,1.499,9.562,9.304,7.642,91.9,5.402,LST_ODISHA_2025_04.tif,2.0,3.0,1.0,3.0,2.0,4.0
Nuapada,Nuapada,21-394,2025_05,114,0.0,57593.812,62717.592,752970.754,0.0,6.277,9.562,9.304,7.642,91.9,5.402,LST_ODISHA_2025_05.tif,3.0,3.0,1.0,3.0,3.0,4.0
Nuapada,Nuapada,21-394,2025_06,114,0.0,57593.812,62717.592,752970.754,0.0,1.702,9.562,9.304,7.642,91.9,5.402,LST_ODISHA_2025_06.tif,3.0,3.0,1.0,3.0,3.0,4.0
Nuapada,Nuapada,21-394,2025_07,114,0.0,57593.812,62717.592,752970.754,0.0,22.372,9.562,9.304,7.642,91.9,5.402,LST_ODISHA_2025_07.tif,3.0,3.0,1.0,3.0,3.0,0.0
Nuapada,Nuapada,21-394,2025_08,114,0.0,57593.812,62717.592,752970.754,0.0,22.839,9.562,9.304,7.642,91.9,5.402,LST_ODISHA_2025_08.tif,3.0,3.0,1.0,3.0,3.0,4.0
Nuapada,Nuapada,21-394,2025_09,114,1536453.28,57593.812,62717.592,752970.754,1536453.28,15.321,9.562,9.304,7.642,91.9,5.402,LST_ODISHA_2025_09.tif,3.0,3.0,1.0,3.0,2.0,3.0
Nuapada,Nuapada,21-394,2025_10,114,0.0,57593.812,62717.592,752970.754,1536453.28,38.078,9.562,9.304,7.642,91.9,5.402,LST_ODISHA_2025_10.tif,2.0,3.0,1.0,3.0,2.0,3.0
Nuapada,Nuapada,21-394,2025_11,114,0.0,57593.812,62717.592,752970.754,1536453.28,1.471,9.562,9.304,7.642,91.9,5.402,LST_ODISHA_2025_11.tif,2.0,3.0,1.0,3.0,2.0,4.0
Nuapada,Nuapada,21-394,2025_12,114,0.0,57593.812,62717.592,752970.754,1536453.28,0.0,9.562,9.304,7.642,91.9,5.402,LST_ODISHA_2025_12.tif,3.0,3.0,1.0,3.0,3.0,4.0
Nuapada,Nuapada,21-394,2026_01,114,0.0,59572.4,63129.845,763320.301,1536453.28,0.0,9.562,9.304,7.642,91.9,5.402,LST_ODISHA_2026_01.tif,3.0,3.0,1.0,3.0,3.0,4.0
Nuapada,Nuapada,21-394,2026_02,114,0.0,59572.4,63129.845,763320.301,1536453.28,0.0,9.562,9.304,7.642,91.9,5.402,LST_ODISHA_2026_02.tif,3.0,3.0,1.0,3.0,3.0,4.0
Nuapada,Nuapada,21-394,2026_03,114,0.0,59572.4,63129.845,763320.301,1536453.28,31.172,9.562,9.304,7.642,91.9,5.402,LST_ODISHA_2026_03.tif,4.0,3.0,1.0,3.0,4.0,5.0
Puri,Puri,21-387,2021_01,295,0.0,133607.8,98300.08,1889305.121,0.0,0.0,10.797,11.756,13.651,77.5,8.295,LST_ODISHA_2021_01.tif,3.0,3.0,1.0,3.0,1.0,5.0
Puri,Puri,21-387,2021_02,295,0.0,133607.8,98300.08,1889305.121,0.0,0.791,10.797,11.756,13.651,77.5,8.295,LST_ODISHA_2021_02.tif,4.0,3.0,1.0,3.0,3.0,3.0
Puri,Puri,21-387,2021_03,295,0.0,133607.8,98300.08,1889305.121,0.0,32.872,10.797,11.756,13.651,77.5,8.295,LST_ODISHA_2021_03.tif,3.0,3.0,1.0,3.0,3.0,1.0
Puri,Puri,21-387,2021_04,295,86789683.0,133607.8,98300.08,1889305.121,86789683.0,0.018,10.797,11.756,13.651,77.5,8.295,LST_ODISHA_2021_04.tif,5.0,3.0,1.0,2.0,4.0,2.0
Puri,Puri,21-387,2021_05,295,75919379.0,133607.8,98300.08,1889305.121,162709062.0,1.877,10.797,11.756,13.651,77.5,8.295,LST_ODISHA_2021_05.tif,3.0,3.0,1.0,2.0,2.0,2.0
Puri,Puri,21-387,2021_06,295,266214149.0,133607.8,98300.08,1889305.121,428923211.0,3.612,10.797,11.756,13.651,77.5,8.295,LST_ODISHA_2021_06.tif,5.0,3.0,1.0,1.0,3.0,3.0
Puri,Puri,21-387,2021_07,295,96326813.0,133607.8,98300.08,1889305.121,525250024.0,14.063,10.797,11.756,13.651,77.5,8.295,LST_ODISHA_2021_07.tif,2.0,3.0,1.0,1.0,2.0,4.0
Puri,Puri,21-387,2021_08,295,18288057.0,133607.8,98300.08,1889305.121,543538081.0,22.824,10.797,11.756,13.651,77.5,8.295,LST_ODISHA_2021_08.tif,3.0,3.0,1.0,2.0,3.0,4.0
Puri,Puri,21-387,2021_09,295,52834811.0,133607.8,98300.08,1889305.121,596372892.0,0.938,10.797,11.756,13.651,77.5,8.295,LST_ODISHA_2021_09.tif,2.0,3.0,1.0,3.0,2.0,3.0
Puri,Puri,21-387,2021_10,295,39643308.0,133607.8,98300.08,1889305.121,636016200.0,44.544,10.797,11.756,13.651,77.5,8.295,LST_ODISHA_2021_10.tif,1.0,3.0,1.0,2.0,1.0,4.0
Puri,Puri,21-387,2021_11,295,11114564.0,133607.8,98300.08,1889305.121,647130764.0,1.96,10.797,11.756,13.651,77.5,8.295,LST_ODISHA_2021_11.tif,3.0,3.0,1.0,2.0,2.0,4.0
Puri,Puri,21-387,2021_12,295,52484369.0,133607.8,98300.08,1889305.121,699615133.0,0.0,10.797,11.756,13.651,77.5,8.295,LST_ODISHA_2021_12.tif,3.0,3.0,1.0,2.0,1.0,3.0
Puri,Puri,21-387,2022_01,295,90737510.0,138412.077,98682.652,1912397.743,790352643.0,0.0,10.797,11.756,13.651,77.5,8.295,LST_ODISHA_2022_01.tif,3.0,3.0,1.0,2.0,2.0,4.0
Puri,Puri,21-387,2022_02,295,43986815.0,138412.077,98682.652,1912397.743,834339458.0,0.0,10.797,11.756,13.651,77.5,8.295,LST_ODISHA_2022_02.tif,3.0,3.0,1.0,2.0,2.0,4.0
Puri,Puri,21-387,2022_03,295,0.0,138412.077,98682.652,1912397.743,834339458.0,32.375,10.797,11.756,13.651,77.5,8.295,LST_ODISHA_2022_03.tif,1.0,3.0,1.0,2.0,1.0,1.0
Puri,Puri,21-387,2022_04,295,0.0,138412.077,98682.652,1912397.743,0.0,2.59,10.797,11.756,13.651,77.5,8.295,LST_ODISHA_2022_04.tif,3.0,3.0,1.0,3.0,3.0,1.0
Puri,Puri,21-387,2022_05,295,0.0,138412.077,98682.652,1912397.743,0.0,4.878,10.797,11.756,13.651,77.5,8.295,LST_ODISHA_2022_05.tif,2.0,3.0,1.0,3.0,2.0,2.0
Puri,Puri,21-387,2022_06,295,17414638.0,138412.077,98682.652,1912397.743,17414638.0,9.482,10.797,11.756,13.651,77.5,8.295,LST_ODISHA_2022_06.tif,1.0,3.0,1.0,3.0,2.0,1.0
Puri,Puri,21-387,2022_07,295,0.0,138412.077,98682.652,1912397.743,17414638.0,8.074,10.797,11.756,13.651,77.5,8.295,LST_ODISHA_2022_07.tif,1.0,3.0,1.0,3.0,2.0,4.0
Puri,Puri,21-387,2022_08,295,1042586.0,138412.077,98682.652,1912397.743,18457224.0,19.083,10.797,11.756,13.651,77.5,8.295,LST_ODISHA_2022_08.tif,3.0,3.0,1.0,3.0,3.0,4.0
Puri,Puri,21-387,2022_09,295,0.0,138412.077,98682.652,1912397.743,18457224.0,7.006,10.797,11.756,13.651,77.5,8.295,LST_ODISHA_2022_09.tif,2.0,3.0,1.0,3.0,2.0,4.0
Puri,Puri,21-387,2022_10,295,0.0,138412.077,98682.652,1912397.743,18457224.0,27.32,10.797,11.756,13.651,77.5,8.295,LST_ODISHA_2022_10.tif,2.0,3.0,1.0,3.0,2.0,5.0
Puri,Puri,21-387,2022_11,295,0.0,138412.077,98682.652,1912397.743,18457224.0,0.013,10.797,11.756,13.651,77.5,8.295,LST_ODISHA_2022_11.tif,3.0,3.0,1.0,3.0,2.0,4.0
Puri,Puri,21-387,2022_12,295,0.0,138412.077,98682.652,1912397.743,18457224.0,0.0,10.797,11.756,13.651,77.5,8.295,LST_ODISHA_2022_12.tif,3.0,3.0,1.0,3.0,2.0,5.0
Puri,Puri,21-387,2023_01,295,0.0,143216.354,99065.224,1935490.365,18457224.0,0.0,10.797,11.756,13.651,77.5,8.295,LST_ODISHA_2023_01.tif,3.0,3.0,1.0,3.0,3.0,4.0
Puri,Puri,21-387,2023_02,295,0.0,143216.354,99065.224,1935490.365,18457224.0,0.149,10.797,11.756,13.651,77.5,8.295,LST_ODISHA_2023_02.tif,4.0,3.0,1.0,3.0,3.0,3.0
Puri,Puri,21-387,2023_03,295,1076352.0,143216.354,99065.224,1935490.365,19533576.0,14.672,10.797,11.756,13.651,77.5,8.295,LST_ODISHA_2023_03.tif,4.0,3.0,1.0,3.0,4.0,2.0
Puri,Puri,21-387,2023_04,295,0.0,143216.354,99065.224,1935490.365,0.0,5.833,10.797,11.756,13.651,77.5,8.295,LST_ODISHA_2023_04.tif,5.0,3.0,1.0,3.0,4.0,2.0
Puri,Puri,21-387,2023_05,295,0.0,143216.354,99065.224,1935490.365,0.0,20.334,10.797,11.756,13.651,77.5,8.295,LST_ODISHA_2023_05.tif,5.0,3.0,1.0,3.0,4.0,3.0
Puri,Puri,21-387,2023_06,295,0.0,143216.354,99065.224,1935490.365,0.0,43.038,10.797,11.756,13.651,77.5,8.295,LST_ODISHA_2023_06.tif,5.0,3.0,1.0,3.0,4.0,4.0
Puri,Puri,21-387,2023_07,295,0.0,143216.354,99065.224,1935490.365,0.0,34.025,10.797,11.756,13.651,77.5,8.295,LST_ODISHA_2023_07.tif,3.0,3.0,1.0,3.0,3.0,0.0
Puri,Puri,21-387,2023_08,295,0.0,143216.354,99065.224,1935490.365,0.0,27.067,10.797,11.756,13.651,77.5,8.295,LST_ODISHA_2023_08.tif,5.0,3.0,1.0,3.0,4.0,0.0
Puri,Puri,21-387,2023_09,295,0.0,143216.354,99065.224,1935490.365,0.0,26.109,10.797,11.756,13.651,77.5,8.295,LST_ODISHA_2023_09.tif,2.0,3.0,1.0,3.0,2.0,5.0
Puri,Puri,21-387,2023_10,295,0.0,143216.354,99065.224,1935490.365,0.0,45.357,10.797,11.756,13.651,77.5,8.295,LST_ODISHA_2023_10.tif,4.0,3.0,1.0,3.0,3.0,5.0
Puri,Puri,21-387,2023_11,295,0.0,143216.354,99065.224,1935490.365,0.0,5.135,10.797,11.756,13.651,77.5,8.295,LST_ODISHA_2023_11.tif,3.0,3.0,1.0,3.0,2.0,4.0
Puri,Puri,21-387,2023_12,295,0.0,143216.354,99065.224,1935490.365,0.0,0.0,10.797,11.756,13.651,77.5,8.295,LST_ODISHA_2023_12.tif,3.0,3.0,1.0,3.0,1.0,5.0
Puri,Puri,21-387,2024_01,295,0.0,148020.631,99447.796,1958582.987,0.0,0.0,10.797,11.756,13.651,77.5,8.295,LST_ODISHA_2024_01.tif,3.0,3.0,1.0,3.0,1.0,4.0
Puri,Puri,21-387,2024_02,295,5485929.87,148020.631,99447.796,1958582.987,5485929.87,0.416,10.797,11.756,13.651,77.5,8.295,LST_ODISHA_2024_02.tif,3.0,3.0,1.0,1.0,2.0,4.0
Puri,Puri,21-387,2024_03,295,19258817.23,148020.631,99447.796,1958582.987,24744747.1,38.301,10.797,11.756,13.651,77.5,8.295,LST_ODISHA_2024_03.tif,3.0,3.0,1.0,3.0,3.0,1.0
Puri,Puri,21-387,2024_04,295,137504453.25,148020.631,99447.796,1958582.987,137504453.25,18.78,10.797,11.756,13.651,77.5,8.295,LST_ODISHA_2024_04.tif,5.0,3.0,1.0,1.0,3.0,1.0
Puri,Puri,21-387,2024_05,295,7129061.0,148020.631,99447.796,1958582.987,144633514.25,30.569,10.797,11.756,13.651,77.5,8.295,LST_ODISHA_2024_05.tif,3.0,3.0,1.0,1.0,2.0,3.0
Puri,Puri,21-387,2024_06,295,7382788.0,148020.631,99447.796,1958582.987,152016302.25,29.464,10.797,11.756,13.651,77.5,8.295,LST_ODISHA_2024_06.tif,2.0,3.0,1.0,1.0,2.0,3.0
Puri,Puri,21-387,2024_07,295,8059450.0,148020.631,99447.796,1958582.987,160075752.25,20.261,10.797,11.756,13.651,77.5,8.295,LST_ODISHA_2024_07.tif,3.0,3.0,1.0,1.0,3.0,0.0
Puri,Puri,21-387,2024_08,295,0.0,148020.631,99447.796,1958582.987,160075752.25,6.901,10.797,11.756,13.651,77.5,8.295,LST_ODISHA_2024_08.tif,3.0,3.0,1.0,1.0,2.0,3.0
Puri,Puri,21-387,2024_09,295,218712081.0,148020.631,99447.796,1958582.987,378787833.25,15.457,10.797,11.756,13.651,77.5,8.295,LST_ODISHA_2024_09.tif,2.0,3.0,1.0,1.0,2.0,5.0
Puri,Puri,21-387,2024_10,295,59477090.0,148020.631,99447.796,1958582.987,438264923.25,62.638,10.797,11.756,13.651,77.5,8.295,LST_ODISHA_2024_10.tif,1.0,3.0,1.0,1.0,1.0,5.0
Puri,Puri,21-387,2024_11,295,0.0,148020.631,99447.796,1958582.987,438264923.25,3.793,10.797,11.756,13.651,77.5,8.295,LST_ODISHA_2024_11.tif,4.0,3.0,1.0,1.0,3.0,5.0
Puri,Puri,21-387,2024_12,295,0.0,148020.631,99447.796,1958582.987,438264923.25,0.0,10.797,11.756,13.651,77.5,8.295,LST_ODISHA_2024_12.tif,3.0,3.0,1.0,1.0,1.0,4.0
Puri,Puri,21-387,2025_01,295,59902646.0,152824.908,99830.368,1981675.609,498167569.25,0.0,10.797,11.756,13.651,77.5,8.295,LST_ODISHA_2025_01.tif,3.0,3.0,1.0,1.0,1.0,4.0
Puri,Puri,21-387,2025_02,295,1102534.69,152824.908,99830.368,1981675.609,499270103.94,0.365,10.797,11.756,13.651,77.5,8.295,LST_ODISHA_2025_02.tif,5.0,3.0,1.0,1.0,3.0,2.0
Puri,Puri,21-387,2025_03,295,0.0,152824.908,99830.368,1981675.609,499270103.94,36.917,10.797,11.756,13.651,77.5,8.295,LST_ODISHA_2025_03.tif,2.0,3.0,1.0,1.0,2.0,1.0
Puri,Puri,21-387,2025_04,295,303374399.0,152824.908,99830.368,1981675.609,303374399.0,2.909,10.797,11.756,13.651,77.5,8.295,LST_ODISHA_2025_04.tif,3.0,3.0,1.0,1.0,2.0,1.0
Puri,Puri,21-387,2025_05,295,0.0,152824.908,99830.368,1981675.609,303374399.0,4.885,10.797,11.756,13.651,77.5,8.295,LST_ODISHA_2025_05.tif,3.0,3.0,1.0,1.0,2.0,3.0
Puri,Puri,21-387,2025_06,295,0.0,152824.908,99830.368,1981675.609,303374399.0,6.665,10.797,11.756,13.651,77.5,8.295,LST_ODISHA_2025_06.tif,5.0,3.0,1.0,1.0,3.0,1.0
Puri,Puri,21-387,2025_07,295,0.0,152824.908,99830.368,1981675.609,303374399.0,14.108,10.797,11.756,13.651,77.5,8.295,LST_ODISHA_2025_07.tif,2.0,3.0,1.0,1.0,2.0,4.0
Puri,Puri,21-387,2025_08,295,0.0,152824.908,99830.368,1981675.609,303374399.0,18.716,10.797,11.756,13.651,77.5,8.295,LST_ODISHA_2025_08.tif,2.0,3.0,1.0,1.0,2.0,5.0
Puri,Puri,21-387,2025_09,295,3086074.0,152824.908,99830.368,1981675.609,306460473.0,7.326,10.797,11.756,13.651,77.5,8.295,LST_ODISHA_2025_09.tif,2.0,3.0,1.0,1.0,1.0,5.0
Puri,Puri,21-387,2025_10,295,147176177.74,152824.908,99830.368,1981675.609,453636650.74,37.196,10.797,11.756,13.651,77.5,8.295,LST_ODISHA_2025_10.tif,1.0,3.0,1.0,1.0,1.0,5.0
Puri,Puri,21-387,2025_11,295,0.0,152824.908,99830.368,1981675.609,453636650.74,2.736,10.797,11.756,13.651,77.5,8.295,LST_ODISHA_2025_11.tif,3.0,3.0,1.0,1.0,2.0,5.0
Puri,Puri,21-387,2025_12,295,0.0,152824.908,99830.368,1981675.609,453636650.74,0.0,10.797,11.756,13.651,77.5,8.295,LST_ODISHA_2025_12.tif,3.0,3.0,1.0,1.0,1.0,5.0
Puri,Puri,21-387,2026_01,295,0.0,157629.185,100212.94,2004768.23,453636650.74,0.0,10.797,11.756,13.651,77.5,8.295,LST_ODISHA_2026_01.tif,3.0,3.0,1.0,1.0,1.0,5.0
Puri,Puri,21-387,2026_02,295,0.0,157629.185,100212.94,2004768.23,453636650.74,0.0,10.797,11.756,13.651,77.5,8.295,LST_ODISHA_2026_02.tif,3.0,3.0,1.0,1.0,1.0,3.0
Puri,Puri,21-387,2026_03,295,0.0,157629.185,100212.94,2004768.23,453636650.74,18.41,10.797,11.756,13.651,77.5,8.295,LST_ODISHA_2026_03.tif,1.0,3.0,1.0,1.0,1.0,1.0
Rayagada,Rayagada,21-396,2021_01,280,0.0,60973.56,109219.135,1146495.947,0.0,0.0,9.078,6.988,13.719,94.6,7.278,LST_ODISHA_2021_01.tif,3.0,2.0,1.0,3.0,1.0,3.0
Rayagada,Rayagada,21-396,2021_02,280,0.0,60973.56,109219.135,1146495.947,0.0,0.0,9.078,6.988,13.719,94.6,7.278,LST_ODISHA_2021_02.tif,2.0,2.0,1.0,3.0,1.0,4.0
Rayagada,Rayagada,21-396,2021_03,280,0.0,60973.56,109219.135,1146495.947,0.0,29.463,9.078,6.988,13.719,94.6,7.278,LST_ODISHA_2021_03.tif,3.0,2.0,1.0,3.0,3.0,3.0
Rayagada,Rayagada,21-396,2021_04,280,605309.0,60973.56,109219.135,1146495.947,605309.0,0.0,9.078,6.988,13.719,94.6,7.278,LST_ODISHA_2021_04.tif,3.0,2.0,1.0,3.0,2.0,2.0
Rayagada,Rayagada,21-396,2021_05,280,12891380.0,60973.56,109219.135,1146495.947,13496689.0,1.632,9.078,6.988,13.719,94.6,7.278,LST_ODISHA_2021_05.tif,3.0,2.0,1.0,3.0,2.0,2.0
Rayagada,Rayagada,21-396,2021_06,280,0.0,60973.56,109219.135,1146495.947,13496689.0,0.03,9.078,6.988,13.719,94.6,7.278,LST_ODISHA_2021_06.tif,2.0,2.0,1.0,3.0,2.0,3.0
Rayagada,Rayagada,21-396,2021_07,280,0.0,60973.56,109219.135,1146495.947,13496689.0,16.851,9.078,6.988,13.719,94.6,7.278,LST_ODISHA_2021_07.tif,3.0,2.0,1.0,3.0,3.0,3.0
Rayagada,Rayagada,21-396,2021_08,280,0.0,60973.56,109219.135,1146495.947,13496689.0,25.014,9.078,6.988,13.719,94.6,7.278,LST_ODISHA_2021_08.tif,4.0,2.0,1.0,3.0,4.0,3.0
Rayagada,Rayagada,21-396,2021_09,280,0.0,60973.56,109219.135,1146495.947,13496689.0,4.914,9.078,6.988,13.719,94.6,7.278,LST_ODISHA_2021_09.tif,4.0,2.0,1.0,3.0,4.0,4.0
Rayagada,Rayagada,21-396,2021_10,280,0.0,60973.56,109219.135,1146495.947,13496689.0,52.632,9.078,6.988,13.719,94.6,7.278,LST_ODISHA_2021_10.tif,3.0,2.0,1.0,3.0,3.0,2.0
Rayagada,Rayagada,21-396,2021_11,280,0.0,60973.56,109219.135,1146495.947,13496689.0,2.864,9.078,6.988,13.719,94.6,7.278,LST_ODISHA_2021_11.tif,3.0,2.0,1.0,3.0,3.0,2.0
Rayagada,Rayagada,21-396,2021_12,280,1616898.0,60973.56,109219.135,1146495.947,15113587.0,0.0,9.078,6.988,13.719,94.6,7.278,LST_ODISHA_2021_12.tif,3.0,2.0,1.0,3.0,2.0,3.0
Rayagada,Rayagada,21-396,2022_01,280,0.0,63640.301,110295.191,1163144.832,15113587.0,0.0,9.078,6.988,13.719,94.6,7.278,LST_ODISHA_2022_01.tif,3.0,2.0,1.0,3.0,3.0,3.0
Rayagada,Rayagada,21-396,2022_02,280,0.0,63640.301,110295.191,1163144.832,15113587.0,0.0,9.078,6.988,13.719,94.6,7.278,LST_ODISHA_2022_02.tif,3.0,2.0,1.0,3.0,3.0,3.0
Rayagada,Rayagada,21-396,2022_03,280,63396351.0,63640.301,110295.191,1163144.832,78509938.0,34.984,9.078,6.988,13.719,94.6,7.278,LST_ODISHA_2022_03.tif,2.0,2.0,1.0,3.0,2.0,4.0
Rayagada,Rayagada,21-396,2022_04,280,276608030.92,63640.301,110295.191,1163144.832,276608030.92,3.256,9.078,6.988,13.719,94.6,7.278,LST_ODISHA_2022_04.tif,4.0,2.0,1.0,1.0,3.0,2.0
Rayagada,Rayagada,21-396,2022_05,280,0.0,63640.301,110295.191,1163144.832,276608030.92,8.091,9.078,6.988,13.719,94.6,7.278,LST_ODISHA_2022_05.tif,3.0,2.0,1.0,1.0,2.0,2.0
Rayagada,Rayagada,21-396,2022_06,280,0.0,63640.301,110295.191,1163144.832,276608030.92,17.78,9.078,6.988,13.719,94.6,7.278,LST_ODISHA_2022_06.tif,3.0,2.0,1.0,2.0,3.0,2.0
Rayagada,Rayagada,21-396,2022_07,280,3932354.0,63640.301,110295.191,1163144.832,280540384.92,9.91,9.078,6.988,13.719,94.6,7.278,LST_ODISHA_2022_07.tif,2.0,2.0,1.0,2.0,2.0,3.0
Rayagada,Rayagada,21-396,2022_08,280,0.0,63640.301,110295.191,1163144.832,280540384.92,20.664,9.078,6.988,13.719,94.6,7.278,LST_ODISHA_2022_08.tif,3.0,2.0,1.0,2.0,3.0,3.0
Rayagada,Rayagada,21-396,2022_09,280,0.0,63640.301,110295.191,1163144.832,280540384.92,9.539,9.078,6.988,13.719,94.6,7.278,LST_ODISHA_2022_09.tif,3.0,2.0,1.0,2.0,2.0,4.0
Rayagada,Rayagada,21-396,2022_10,280,0.0,63640.301,110295.191,1163144.832,280540384.92,24.959,9.078,6.988,13.719,94.6,7.278,LST_ODISHA_2022_10.tif,1.0,2.0,1.0,2.0,1.0,3.0
Rayagada,Rayagada,21-396,2022_11,280,0.0,63640.301,110295.191,1163144.832,280540384.92,0.955,9.078,6.988,13.719,94.6,7.278,LST_ODISHA_2022_11.tif,4.0,2.0,1.0,2.0,3.0,2.0
Rayagada,Rayagada,21-396,2022_12,280,0.0,63640.301,110295.191,1163144.832,280540384.92,1.174,9.078,6.988,13.719,94.6,7.278,LST_ODISHA_2022_12.tif,5.0,2.0,1.0,2.0,4.0,4.0
Rayagada,Rayagada,21-396,2023_01,280,0.0,66307.042,111371.247,1179793.718,280540384.92,0.0,9.078,6.988,13.719,94.6,7.278,LST_ODISHA_2023_01.tif,3.0,2.0,1.0,2.0,2.0,3.0
Rayagada,Rayagada,21-396,2023_02,280,0.0,66307.042,111371.247,1179793.718,280540384.92,0.0,9.078,6.988,13.719,94.6,7.278,LST_ODISHA_2023_02.tif,3.0,2.0,1.0,2.0,1.0,4.0
Rayagada,Rayagada,21-396,2023_03,280,0.0,66307.042,111371.247,1179793.718,280540384.92,8.864,9.078,6.988,13.719,94.6,7.278,LST_ODISHA_2023_03.tif,2.0,2.0,1.0,2.0,2.0,3.0
Rayagada,Rayagada,21-396,2023_04,280,0.0,66307.042,111371.247,1179793.718,0.0,0.0,9.078,6.988,13.719,94.6,7.278,LST_ODISHA_2023_04.tif,3.0,2.0,1.0,3.0,1.0,1.0
Rayagada,Rayagada,21-396,2023_05,280,0.0,66307.042,111371.247,1179793.718,0.0,6.873,9.078,6.988,13.719,94.6,7.278,LST_ODISHA_2023_05.tif,3.0,2.0,1.0,3.0,2.0,1.0
Rayagada,Rayagada,21-396,2023_06,280,0.0,66307.042,111371.247,1179793.718,0.0,20.029,9.078,6.988,13.719,94.6,7.278,LST_ODISHA_2023_06.tif,2.0,2.0,1.0,3.0,1.0,2.0
Rayagada,Rayagada,21-396,2023_07,280,0.0,66307.042,111371.247,1179793.718,0.0,29.646,9.078,6.988,13.719,94.6,7.278,LST_ODISHA_2023_07.tif,2.0,2.0,1.0,3.0,2.0,0.0
Rayagada,Rayagada,21-396,2023_08,280,0.0,66307.042,111371.247,1179793.718,0.0,17.746,9.078,6.988,13.719,94.6,7.278,LST_ODISHA_2023_08.tif,3.0,2.0,1.0,3.0,3.0,4.0
Rayagada,Rayagada,21-396,2023_09,280,0.0,66307.042,111371.247,1179793.718,0.0,27.546,9.078,6.988,13.719,94.6,7.278,LST_ODISHA_2023_09.tif,3.0,2.0,1.0,3.0,3.0,3.0
Rayagada,Rayagada,21-396,2023_10,280,0.0,66307.042,111371.247,1179793.718,0.0,44.746,9.078,6.988,13.719,94.6,7.278,LST_ODISHA_2023_10.tif,4.0,2.0,1.0,3.0,3.0,3.0
Rayagada,Rayagada,21-396,2023_11,280,0.0,66307.042,111371.247,1179793.718,0.0,9.32,9.078,6.988,13.719,94.6,7.278,LST_ODISHA_2023_11.tif,4.0,2.0,1.0,3.0,3.0,3.0
Rayagada,Rayagada,21-396,2023_12,280,0.0,66307.042,111371.247,1179793.718,0.0,0.011,9.078,6.988,13.719,94.6,7.278,LST_ODISHA_2023_12.tif,3.0,2.0,1.0,3.0,1.0,3.0
Rayagada,Rayagada,21-396,2024_01,280,0.0,68973.783,112447.303,1196442.603,0.0,0.0,9.078,6.988,13.719,94.6,7.278,LST_ODISHA_2024_01.tif,3.0,2.0,1.0,3.0,1.0,4.0
Rayagada,Rayagada,21-396,2024_02,280,0.0,68973.783,112447.303,1196442.603,0.0,0.086,9.078,6.988,13.719,94.6,7.278,LST_ODISHA_2024_02.tif,2.0,2.0,1.0,3.0,2.0,5.0
Rayagada,Rayagada,21-396,2024_03,280,0.0,68973.783,112447.303,1196442.603,0.0,31.144,9.078,6.988,13.719,94.6,7.278,LST_ODISHA_2024_03.tif,2.0,2.0,1.0,3.0,2.0,4.0
Rayagada,Rayagada,21-396,2024_04,280,142796.0,68973.783,112447.303,1196442.603,142796.0,8.697,9.078,6.988,13.719,94.6,7.278,LST_ODISHA_2024_04.tif,3.0,2.0,1.0,3.0,3.0,4.0
Rayagada,Rayagada,21-396,2024_05,280,0.0,68973.783,112447.303,1196442.603,142796.0,36.142,9.078,6.988,13.719,94.6,7.278,LST_ODISHA_2024_05.tif,4.0,2.0,1.0,4.0,4.0,2.0
Rayagada,Rayagada,21-396,2024_06,280,0.0,68973.783,112447.303,1196442.603,142796.0,29.309,9.078,6.988,13.719,94.6,7.278,LST_ODISHA_2024_06.tif,2.0,2.0,1.0,4.0,2.0,2.0
Rayagada,Rayagada,21-396,2024_07,280,0.0,68973.783,112447.303,1196442.603,142796.0,12.25,9.078,6.988,13.719,94.6,7.278,LST_ODISHA_2024_07.tif,2.0,2.0,1.0,4.0,3.0,5.0
Rayagada,Rayagada,21-396,2024_08,280,5777032.0,68973.783,112447.303,1196442.603,5919828.0,12.907,9.078,6.988,13.719,94.6,7.278,LST_ODISHA_2024_08.tif,5.0,2.0,1.0,4.0,4.0,2.0
Rayagada,Rayagada,21-396,2024_09,280,0.0,68973.783,112447.303,1196442.603,5919828.0,16.239,9.078,6.988,13.719,94.6,7.278,LST_ODISHA_2024_09.tif,2.0,2.0,1.0,4.0,2.0,4.0
Rayagada,Rayagada,21-396,2024_10,280,0.0,68973.783,112447.303,1196442.603,5919828.0,71.714,9.078,6.988,13.719,94.6,7.278,LST_ODISHA_2024_10.tif,3.0,2.0,1.0,4.0,3.0,3.0
Rayagada,Rayagada,21-396,2024_11,280,0.0,68973.783,112447.303,1196442.603,5919828.0,4.195,9.078,6.988,13.719,94.6,7.278,LST_ODISHA_2024_11.tif,4.0,2.0,1.0,4.0,3.0,3.0
Rayagada,Rayagada,21-396,2024_12,280,0.0,68973.783,112447.303,1196442.603,5919828.0,0.093,9.078,6.988,13.719,94.6,7.278,LST_ODISHA_2024_12.tif,3.0,2.0,1.0,4.0,2.0,3.0
Rayagada,Rayagada,21-396,2025_01,280,0.0,71640.524,113523.359,1213091.488,5919828.0,0.0,9.078,6.988,13.719,94.6,7.278,LST_ODISHA_2025_01.tif,3.0,2.0,1.0,4.0,3.0,3.0
Rayagada,Rayagada,21-396,2025_02,280,357163.0,71640.524,113523.359,1213091.488,6276991.0,0.0,9.078,6.988,13.719,94.6,7.278,LST_ODISHA_2025_02.tif,3.0,2.0,1.0,4.0,2.0,4.0
Rayagada,Rayagada,21-396,2025_03,280,1957867.0,71640.524,113523.359,1213091.488,8234858.0,39.507,9.078,6.988,13.719,94.6,7.278,LST_ODISHA_2025_03.tif,3.0,2.0,1.0,4.0,3.0,3.0
Rayagada,Rayagada,21-396,2025_04,280,0.0,71640.524,113523.359,1213091.488,0.0,5.225,9.078,6.988,13.719,94.6,7.278,LST_ODISHA_2025_04.tif,3.0,2.0,1.0,3.0,3.0,2.0
Rayagada,Rayagada,21-396,2025_05,280,317082.28,71640.524,113523.359,1213091.488,317082.28,4.083,9.078,6.988,13.719,94.6,7.278,LST_ODISHA_2025_05.tif,2.0,2.0,1.0,3.0,2.0,2.0
Rayagada,Rayagada,21-396,2025_06,280,0.0,71640.524,113523.359,1213091.488,317082.28,0.743,9.078,6.988,13.719,94.6,7.278,LST_ODISHA_2025_06.tif,2.0,2.0,1.0,3.0,2.0,1.0
Rayagada,Rayagada,21-396,2025_07,280,45002260.0,71640.524,113523.359,1213091.488,45319342.28,29.353,9.078,6.988,13.719,94.6,7.278,LST_ODISHA_2025_07.tif,5.0,2.0,1.0,3.0,4.0,4.0
Rayagada,Rayagada,21-396,2025_08,280,0.0,71640.524,113523.359,1213091.488,45319342.28,28.679,9.078,6.988,13.719,94.6,7.278,LST_ODISHA_2025_08.tif,5.0,2.0,1.0,3.0,4.0,5.0
Rayagada,Rayagada,21-396,2025_09,280,0.0,71640.524,113523.359,1213091.488,45319342.28,14.233,9.078,6.988,13.719,94.6,7.278,LST_ODISHA_2025_09.tif,3.0,2.0,1.0,3.0,2.0,4.0
Rayagada,Rayagada,21-396,2025_10,280,0.0,71640.524,113523.359,1213091.488,45319342.28,44.561,9.078,6.988,13.719,94.6,7.278,LST_ODISHA_2025_10.tif,4.0,2.0,1.0,3.0,4.0,2.0
Rayagada,Rayagada,21-396,2025_11,280,0.0,71640.524,113523.359,1213091.488,45319342.28,3.46,9.078,6.988,13.719,94.6,7.278,LST_ODISHA_2025_11.tif,4.0,2.0,1.0,3.0,4.0,3.0
Rayagada,Rayagada,21-396,2025_12,280,0.0,71640.524,113523.359,1213091.488,45319342.28,0.0,9.078,6.988,13.719,94.6,7.278,LST_ODISHA_2025_12.tif,3.0,2.0,1.0,3.0,3.0,3.0
Rayagada,Rayagada,21-396,2026_01,280,0.0,74307.265,114599.415,1229740.373,45319342.28,0.0,9.078,6.988,13.719,94.6,7.278,LST_ODISHA_2026_01.tif,3.0,2.0,1.0,3.0,3.0,4.0
Rayagada,Rayagada,21-396,2026_02,280,0.0,74307.265,114599.415,1229740.373,45319342.28,0.0,9.078,6.988,13.719,94.6,7.278,LST_ODISHA_2026_02.tif,3.0,2.0,1.0,3.0,3.0,2.0
Rayagada,Rayagada,21-396,2026_03,280,0.0,74307.265,114599.415,1229740.373,45319342.28,21.801,9.078,6.988,13.719,94.6,7.278,LST_ODISHA_2026_03.tif,2.0,2.0,1.0,3.0,2.0,4.0
Sambalpur,Sambalpur,21-372,2021_01,193,0.0,93764.855,94921.29,1264937.414,0.0,0.0,10.955,7.797,18.744,84.3,4.96,LST_ODISHA_2021_01.tif,3.0,3.0,1.0,3.0,1.0,1.0
Sambalpur,Sambalpur,21-372,2021_02,193,0.0,93764.855,94921.29,1264937.414,0.0,0.122,10.955,7.797,18.744,84.3,4.96,LST_ODISHA_2021_02.tif,3.0,3.0,1.0,3.0,2.0,2.0
Sambalpur,Sambalpur,21-372,2021_03,193,0.0,93764.855,94921.29,1264937.414,0.0,30.161,10.955,7.797,18.744,84.3,4.96,LST_ODISHA_2021_03.tif,3.0,3.0,1.0,3.0,3.0,2.0
Sambalpur,Sambalpur,21-372,2021_04,193,9091951.57,93764.855,94921.29,1264937.414,9091951.57,0.0,10.955,7.797,18.744,84.3,4.96,LST_ODISHA_2021_04.tif,3.0,3.0,1.0,3.0,2.0,3.0
Sambalpur,Sambalpur,21-372,2021_05,193,150280.0,93764.855,94921.29,1264937.414,9242231.57,4.002,10.955,7.797,18.744,84.3,4.96,LST_ODISHA_2021_05.tif,4.0,3.0,1.0,3.0,3.0,2.0
Sambalpur,Sambalpur,21-372,2021_06,193,0.0,93764.855,94921.29,1264937.414,9242231.57,1.353,10.955,7.797,18.744,84.3,4.96,LST_ODISHA_2021_06.tif,3.0,3.0,1.0,3.0,2.0,3.0
Sambalpur,Sambalpur,21-372,2021_07,193,0.0,93764.855,94921.29,1264937.414,9242231.57,17.039,10.955,7.797,18.744,84.3,4.96,LST_ODISHA_2021_07.tif,3.0,3.0,1.0,3.0,3.0,2.0
Sambalpur,Sambalpur,21-372,2021_08,193,52332516.33,93764.855,94921.29,1264937.414,61574747.9,20.224,10.955,7.797,18.744,84.3,4.96,LST_ODISHA_2021_08.tif,2.0,3.0,1.0,3.0,2.0,2.0
Sambalpur,Sambalpur,21-372,2021_09,193,0.0,93764.855,94921.29,1264937.414,61574747.9,4.371,10.955,7.797,18.744,84.3,4.96,LST_ODISHA_2021_09.tif,4.0,3.0,1.0,3.0,4.0,2.0
Sambalpur,Sambalpur,21-372,2021_10,193,0.0,93764.855,94921.29,1264937.414,61574747.9,55.28,10.955,7.797,18.744,84.3,4.96,LST_ODISHA_2021_10.tif,4.0,3.0,1.0,3.0,4.0,3.0
Sambalpur,Sambalpur,21-372,2021_11,193,0.0,93764.855,94921.29,1264937.414,61574747.9,1.551,10.955,7.797,18.744,84.3,4.96,LST_ODISHA_2021_11.tif,3.0,3.0,1.0,3.0,3.0,3.0
Sambalpur,Sambalpur,21-372,2021_12,193,0.0,93764.855,94921.29,1264937.414,61574747.9,0.0,10.955,7.797,18.744,84.3,4.96,LST_ODISHA_2021_12.tif,3.0,3.0,1.0,3.0,2.0,2.0
Sambalpur,Sambalpur,21-372,2022_01,193,0.0,97240.525,95309.413,1279177.095,61574747.9,0.0,10.955,7.797,18.744,84.3,4.96,LST_ODISHA_2022_01.tif,3.0,3.0,1.0,3.0,3.0,1.0
Sambalpur,Sambalpur,21-372,2022_02,193,78748273.26,97240.525,95309.413,1279177.095,140323021.16,0.0,10.955,7.797,18.744,84.3,4.96,LST_ODISHA_2022_02.tif,3.0,3.0,1.0,3.0,3.0,2.0
Sambalpur,Sambalpur,21-372,2022_03,193,0.0,97240.525,95309.413,1279177.095,140323021.16,38.136,10.955,7.797,18.744,84.3,4.96,LST_ODISHA_2022_03.tif,4.0,3.0,1.0,3.0,4.0,2.0
Sambalpur,Sambalpur,21-372,2022_04,193,0.0,97240.525,95309.413,1279177.095,0.0,0.0,10.955,7.797,18.744,84.3,4.96,LST_ODISHA_2022_04.tif,2.0,3.0,1.0,3.0,2.0,3.0
Sambalpur,Sambalpur,21-372,2022_05,193,0.0,97240.525,95309.413,1279177.095,0.0,17.108,10.955,7.797,18.744,84.3,4.96,LST_ODISHA_2022_05.tif,4.0,3.0,1.0,3.0,4.0,3.0
Sambalpur,Sambalpur,21-372,2022_06,193,0.0,97240.525,95309.413,1279177.095,0.0,21.63,10.955,7.797,18.744,84.3,4.96,LST_ODISHA_2022_06.tif,4.0,3.0,1.0,3.0,4.0,3.0
Sambalpur,Sambalpur,21-372,2022_07,193,0.0,97240.525,95309.413,1279177.095,0.0,11.461,10.955,7.797,18.744,84.3,4.96,LST_ODISHA_2022_07.tif,3.0,3.0,1.0,3.0,3.0,2.0
Sambalpur,Sambalpur,21-372,2022_08,193,0.0,97240.525,95309.413,1279177.095,0.0,19.85,10.955,7.797,18.744,84.3,4.96,LST_ODISHA_2022_08.tif,3.0,3.0,1.0,3.0,3.0,2.0
Sambalpur,Sambalpur,21-372,2022_09,193,0.0,97240.525,95309.413,1279177.095,0.0,7.88,10.955,7.797,18.744,84.3,4.96,LST_ODISHA_2022_09.tif,2.0,3.0,1.0,3.0,2.0,2.0
Sambalpur,Sambalpur,21-372,2022_10,193,0.0,97240.525,95309.413,1279177.095,0.0,34.01,10.955,7.797,18.744,84.3,4.96,LST_ODISHA_2022_10.tif,4.0,3.0,1.0,3.0,4.0,3.0
Sambalpur,Sambalpur,21-372,2022_11,193,0.0,97240.525,95309.413,1279177.095,0.0,0.0,10.955,7.797,18.744,84.3,4.96,LST_ODISHA_2022_11.tif,3.0,3.0,1.0,3.0,2.0,2.0
Sambalpur,Sambalpur,21-372,2022_12,193,0.0,97240.525,95309.413,1279177.095,0.0,0.0,10.955,7.797,18.744,84.3,4.96,LST_ODISHA_2022_12.tif,3.0,3.0,1.0,3.0,2.0,2.0
Sambalpur,Sambalpur,21-372,2023_01,193,0.0,100716.195,95697.536,1293416.777,0.0,0.0,10.955,7.797,18.744,84.3,4.96,LST_ODISHA_2023_01.tif,3.0,3.0,1.0,3.0,3.0,2.0
Sambalpur,Sambalpur,21-372,2023_02,193,0.0,100716.195,95697.536,1293416.777,0.0,0.0,10.955,7.797,18.744,84.3,4.96,LST_ODISHA_2023_02.tif,3.0,3.0,1.0,3.0,2.0,2.0
Sambalpur,Sambalpur,21-372,2023_03,193,387886.0,100716.195,95697.536,1293416.777,387886.0,10.257,10.955,7.797,18.744,84.3,4.96,LST_ODISHA_2023_03.tif,3.0,3.0,1.0,3.0,3.0,2.0
Sambalpur,Sambalpur,21-372,2023_04,193,0.0,100716.195,95697.536,1293416.777,0.0,0.0,10.955,7.797,18.744,84.3,4.96,LST_ODISHA_2023_04.tif,3.0,3.0,1.0,3.0,1.0,3.0
Sambalpur,Sambalpur,21-372,2023_05,193,0.0,100716.195,95697.536,1293416.777,0.0,3.501,10.955,7.797,18.744,84.3,4.96,LST_ODISHA_2023_05.tif,2.0,3.0,1.0,3.0,1.0,4.0
Sambalpur,Sambalpur,21-372,2023_06,193,0.0,100716.195,95697.536,1293416.777,0.0,24.709,10.955,7.797,18.744,84.3,4.96,LST_ODISHA_2023_06.tif,3.0,3.0,1.0,3.0,2.0,4.0
Sambalpur,Sambalpur,21-372,2023_07,193,0.0,100716.195,95697.536,1293416.777,0.0,39.043,10.955,7.797,18.744,84.3,4.96,LST_ODISHA_2023_07.tif,4.0,3.0,1.0,3.0,3.0,2.0
Sambalpur,Sambalpur,21-372,2023_08,193,0.0,100716.195,95697.536,1293416.777,0.0,15.221,10.955,7.797,18.744,84.3,4.96,LST_ODISHA_2023_08.tif,2.0,3.0,1.0,3.0,2.0,2.0
Sambalpur,Sambalpur,21-372,2023_09,193,0.0,100716.195,95697.536,1293416.777,0.0,33.261,10.955,7.797,18.744,84.3,4.96,LST_ODISHA_2023_09.tif,4.0,3.0,1.0,3.0,3.0,2.0
Sambalpur,Sambalpur,21-372,2023_10,193,0.0,100716.195,95697.536,1293416.777,0.0,41.816,10.955,7.797,18.744,84.3,4.96,LST_ODISHA_2023_10.tif,3.0,3.0,1.0,3.0,3.0,3.0
Sambalpur,Sambalpur,21-372,2023_11,193,0.0,100716.195,95697.536,1293416.777,0.0,3.17,10.955,7.797,18.744,84.3,4.96,LST_ODISHA_2023_11.tif,2.0,3.0,1.0,3.0,1.0,2.0
Sambalpur,Sambalpur,21-372,2023_12,193,0.0,100716.195,95697.536,1293416.777,0.0,0.0,10.955,7.797,18.744,84.3,4.96,LST_ODISHA_2023_12.tif,3.0,3.0,1.0,3.0,1.0,1.0
Sambalpur,Sambalpur,21-372,2024_01,193,0.0,104191.865,96085.659,1307656.458,0.0,0.0,10.955,7.797,18.744,84.3,4.96,LST_ODISHA_2024_01.tif,3.0,3.0,1.0,3.0,1.0,2.0
Sambalpur,Sambalpur,21-372,2024_02,193,0.0,104191.865,96085.659,1307656.458,0.0,0.0,10.955,7.797,18.744,84.3,4.96,LST_ODISHA_2024_02.tif,2.0,3.0,1.0,3.0,2.0,1.0
Sambalpur,Sambalpur,21-372,2024_03,193,4796766.0,104191.865,96085.659,1307656.458,4796766.0,32.61,10.955,7.797,18.744,84.3,4.96,LST_ODISHA_2024_03.tif,2.0,3.0,1.0,3.0,2.0,2.0
Sambalpur,Sambalpur,21-372,2024_04,193,0.0,104191.865,96085.659,1307656.458,0.0,1.996,10.955,7.797,18.744,84.3,4.96,LST_ODISHA_2024_04.tif,2.0,3.0,1.0,3.0,2.0,2.0
Sambalpur,Sambalpur,21-372,2024_05,193,676333.0,104191.865,96085.659,1307656.458,676333.0,28.501,10.955,7.797,18.744,84.3,4.96,LST_ODISHA_2024_05.tif,3.0,3.0,1.0,4.0,3.0,2.0
Sambalpur,Sambalpur,21-372,2024_06,193,6317231.0,104191.865,96085.659,1307656.458,6993564.0,55.018,10.955,7.797,18.744,84.3,4.96,LST_ODISHA_2024_06.tif,4.0,3.0,1.0,3.0,3.0,3.0
Sambalpur,Sambalpur,21-372,2024_07,193,0.0,104191.865,96085.659,1307656.458,6993564.0,25.824,10.955,7.797,18.744,84.3,4.96,LST_ODISHA_2024_07.tif,4.0,3.0,1.0,3.0,4.0,2.0
Sambalpur,Sambalpur,21-372,2024_08,193,82389605.18,104191.865,96085.659,1307656.458,89383169.18,3.244,10.955,7.797,18.744,84.3,4.96,LST_ODISHA_2024_08.tif,2.0,3.0,1.0,2.0,1.0,3.0
Sambalpur,Sambalpur,21-372,2024_09,193,3484364.0,104191.865,96085.659,1307656.458,92867533.18,23.583,10.955,7.797,18.744,84.3,4.96,LST_ODISHA_2024_09.tif,4.0,3.0,1.0,3.0,3.0,3.0
Sambalpur,Sambalpur,21-372,2024_10,193,0.0,104191.865,96085.659,1307656.458,92867533.18,71.996,10.955,7.797,18.744,84.3,4.96,LST_ODISHA_2024_10.tif,3.0,3.0,1.0,3.0,3.0,4.0
Sambalpur,Sambalpur,21-372,2024_11,193,0.0,104191.865,96085.659,1307656.458,92867533.18,1.963,10.955,7.797,18.744,84.3,4.96,LST_ODISHA_2024_11.tif,2.0,3.0,1.0,3.0,2.0,3.0
Sambalpur,Sambalpur,21-372,2024_12,193,0.0,104191.865,96085.659,1307656.458,92867533.18,0.0,10.955,7.797,18.744,84.3,4.96,LST_ODISHA_2024_12.tif,3.0,3.0,1.0,3.0,2.0,2.0
Sambalpur,Sambalpur,21-372,2025_01,193,2421936.0,107667.535,96473.782,1321896.139,95289469.18,0.0,10.955,7.797,18.744,84.3,4.96,LST_ODISHA_2025_01.tif,3.0,3.0,1.0,3.0,2.0,3.0
Sambalpur,Sambalpur,21-372,2025_02,193,0.0,107667.535,96473.782,1321896.139,95289469.18,0.0,10.955,7.797,18.744,84.3,4.96,LST_ODISHA_2025_02.tif,3.0,3.0,1.0,3.0,2.0,3.0
Sambalpur,Sambalpur,21-372,2025_03,193,0.0,107667.535,96473.782,1321896.139,95289469.18,41.845,10.955,7.797,18.744,84.3,4.96,LST_ODISHA_2025_03.tif,3.0,3.0,1.0,3.0,3.0,3.0
Sambalpur,Sambalpur,21-372,2025_04,193,0.0,107667.535,96473.782,1321896.139,0.0,0.0,10.955,7.797,18.744,84.3,4.96,LST_ODISHA_2025_04.tif,2.0,3.0,1.0,3.0,2.0,3.0
Sambalpur,Sambalpur,21-372,2025_05,193,5616200.19,107667.535,96473.782,1321896.139,5616200.19,12.228,10.955,7.797,18.744,84.3,4.96,LST_ODISHA_2025_05.tif,4.0,3.0,1.0,3.0,3.0,3.0
Sambalpur,Sambalpur,21-372,2025_06,193,0.0,107667.535,96473.782,1321896.139,5616200.19,3.547,10.955,7.797,18.744,84.3,4.96,LST_ODISHA_2025_06.tif,4.0,3.0,1.0,3.0,3.0,4.0
Sambalpur,Sambalpur,21-372,2025_07,193,184799.0,107667.535,96473.782,1321896.139,5800999.19,19.186,10.955,7.797,18.744,84.3,4.96,LST_ODISHA_2025_07.tif,3.0,3.0,1.0,3.0,3.0,4.0
Sambalpur,Sambalpur,21-372,2025_08,193,0.0,107667.535,96473.782,1321896.139,5800999.19,23.66,10.955,7.797,18.744,84.3,4.96,LST_ODISHA_2025_08.tif,3.0,3.0,1.0,3.0,3.0,3.0
Sambalpur,Sambalpur,21-372,2025_09,193,0.0,107667.535,96473.782,1321896.139,5800999.19,21.096,10.955,7.797,18.744,84.3,4.96,LST_ODISHA_2025_09.tif,4.0,3.0,1.0,3.0,3.0,2.0
Sambalpur,Sambalpur,21-372,2025_10,193,2683272.0,107667.535,96473.782,1321896.139,8484271.19,39.352,10.955,7.797,18.744,84.3,4.96,LST_ODISHA_2025_10.tif,2.0,3.0,1.0,3.0,2.0,3.0
Sambalpur,Sambalpur,21-372,2025_11,193,0.0,107667.535,96473.782,1321896.139,8484271.19,0.81,10.955,7.797,18.744,84.3,4.96,LST_ODISHA_2025_11.tif,2.0,3.0,1.0,3.0,2.0,3.0
Sambalpur,Sambalpur,21-372,2025_12,193,0.0,107667.535,96473.782,1321896.139,8484271.19,0.0,10.955,7.797,18.744,84.3,4.96,LST_ODISHA_2025_12.tif,3.0,3.0,1.0,3.0,3.0,2.0
Sambalpur,Sambalpur,21-372,2026_01,193,0.0,111143.205,96861.905,1336135.82,8484271.19,0.0,10.955,7.797,18.744,84.3,4.96,LST_ODISHA_2026_01.tif,3.0,3.0,1.0,3.0,3.0,2.0
Sambalpur,Sambalpur,21-372,2026_02,193,0.0,111143.205,96861.905,1336135.82,8484271.19,0.0,10.955,7.797,18.744,84.3,4.96,LST_ODISHA_2026_02.tif,3.0,3.0,1.0,3.0,3.0,2.0
Sambalpur,Sambalpur,21-372,2026_03,193,0.0,111143.205,96861.905,1336135.82,8484271.19,26.755,10.955,7.797,18.744,84.3,4.96,LST_ODISHA_2026_03.tif,3.0,3.0,1.0,3.0,3.0,3.0
Sonepur,Sonepur,21-392,2021_01,112,0.0,44144.105,44573.4,672579.59,0.0,0.0,10.359,12.763,17.759,95.8,5.03,LST_ODISHA_2021_01.tif,3.0,2.0,1.0,3.0,1.0,4.0
Sonepur,Sonepur,21-392,2021_02,112,0.0,44144.105,44573.4,672579.59,0.0,0.0,10.359,12.763,17.759,95.8,5.03,LST_ODISHA_2021_02.tif,2.0,2.0,1.0,3.0,1.0,4.0
Sonepur,Sonepur,21-392,2021_03,112,0.0,44144.105,44573.4,672579.59,0.0,21.031,10.359,12.763,17.759,95.8,5.03,LST_ODISHA_2021_03.tif,1.0,2.0,1.0,3.0,2.0,3.0
Sonepur,Sonepur,21-392,2021_04,112,0.0,44144.105,44573.4,672579.59,0.0,0.0,10.359,12.763,17.759,95.8,5.03,LST_ODISHA_2021_04.tif,3.0,2.0,1.0,3.0,2.0,3.0
Sonepur,Sonepur,21-392,2021_05,112,0.0,44144.105,44573.4,672579.59,0.0,0.651,10.359,12.763,17.759,95.8,5.03,LST_ODISHA_2021_05.tif,2.0,2.0,1.0,4.0,2.0,4.0
Sonepur,Sonepur,21-392,2021_06,112,16813722.0,44144.105,44573.4,672579.59,16813722.0,4.269,10.359,12.763,17.759,95.8,5.03,LST_ODISHA_2021_06.tif,5.0,2.0,1.0,3.0,4.0,5.0
Sonepur,Sonepur,21-392,2021_07,112,0.0,44144.105,44573.4,672579.59,16813722.0,15.263,10.359,12.763,17.759,95.8,5.03,LST_ODISHA_2021_07.tif,2.0,2.0,1.0,3.0,2.0,5.0
Sonepur,Sonepur,21-392,2021_08,112,0.0,44144.105,44573.4,672579.59,16813722.0,21.896,10.359,12.763,17.759,95.8,5.03,LST_ODISHA_2021_08.tif,3.0,2.0,1.0,3.0,3.0,5.0
Sonepur,Sonepur,21-392,2021_09,112,0.0,44144.105,44573.4,672579.59,16813722.0,4.832,10.359,12.763,17.759,95.8,5.03,LST_ODISHA_2021_09.tif,4.0,2.0,1.0,3.0,4.0,3.0
Sonepur,Sonepur,21-392,2021_10,112,0.0,44144.105,44573.4,672579.59,16813722.0,55.001,10.359,12.763,17.759,95.8,5.03,LST_ODISHA_2021_10.tif,4.0,2.0,1.0,3.0,4.0,4.0
Sonepur,Sonepur,21-392,2021_11,112,0.0,44144.105,44573.4,672579.59,16813722.0,2.133,10.359,12.763,17.759,95.8,5.03,LST_ODISHA_2021_11.tif,3.0,2.0,1.0,3.0,3.0,5.0
Sonepur,Sonepur,21-392,2021_12,112,0.0,44144.105,44573.4,672579.59,16813722.0,0.0,10.359,12.763,17.759,95.8,5.03,LST_ODISHA_2021_12.tif,3.0,2.0,1.0,3.0,2.0,4.0
Sonepur,Sonepur,21-392,2022_01,112,0.0,45768.262,44722.02,680335.074,16813722.0,0.0,10.359,12.763,17.759,95.8,5.03,LST_ODISHA_2022_01.tif,3.0,2.0,1.0,3.0,3.0,4.0
Sonepur,Sonepur,21-392,2022_02,112,0.0,45768.262,44722.02,680335.074,16813722.0,0.0,10.359,12.763,17.759,95.8,5.03,LST_ODISHA_2022_02.tif,3.0,2.0,1.0,3.0,3.0,4.0
Sonepur,Sonepur,21-392,2022_03,112,0.0,45768.262,44722.02,680335.074,16813722.0,37.704,10.359,12.763,17.759,95.8,5.03,LST_ODISHA_2022_03.tif,3.0,2.0,1.0,3.0,3.0,3.0
Sonepur,Sonepur,21-392,2022_04,112,0.0,45768.262,44722.02,680335.074,0.0,0.0,10.359,12.763,17.759,95.8,5.03,LST_ODISHA_2022_04.tif,2.0,2.0,1.0,3.0,2.0,4.0
Sonepur,Sonepur,21-392,2022_05,112,0.0,45768.262,44722.02,680335.074,0.0,17.014,10.359,12.763,17.759,95.8,5.03,LST_ODISHA_2022_05.tif,4.0,2.0,1.0,3.0,4.0,4.0
Sonepur,Sonepur,21-392,2022_06,112,0.0,45768.262,44722.02,680335.074,0.0,15.167,10.359,12.763,17.759,95.8,5.03,LST_ODISHA_2022_06.tif,3.0,2.0,1.0,3.0,3.0,4.0
Sonepur,Sonepur,21-392,2022_07,112,0.0,45768.262,44722.02,680335.074,0.0,11.856,10.359,12.763,17.759,95.8,5.03,LST_ODISHA_2022_07.tif,4.0,2.0,1.0,3.0,4.0,4.0
Sonepur,Sonepur,21-392,2022_08,112,0.0,45768.262,44722.02,680335.074,0.0,21.158,10.359,12.763,17.759,95.8,5.03,LST_ODISHA_2022_08.tif,3.0,2.0,1.0,3.0,3.0,5.0
Sonepur,Sonepur,21-392,2022_09,112,0.0,45768.262,44722.02,680335.074,0.0,7.879,10.359,12.763,17.759,95.8,5.03,LST_ODISHA_2022_09.tif,2.0,2.0,1.0,3.0,2.0,4.0
Sonepur,Sonepur,21-392,2022_10,112,0.0,45768.262,44722.02,680335.074,0.0,35.783,10.359,12.763,17.759,95.8,5.03,LST_ODISHA_2022_10.tif,4.0,2.0,1.0,3.0,4.0,4.0
Sonepur,Sonepur,21-392,2022_11,112,0.0,45768.262,44722.02,680335.074,0.0,0.0,10.359,12.763,17.759,95.8,5.03,LST_ODISHA_2022_11.tif,3.0,2.0,1.0,3.0,2.0,4.0
Sonepur,Sonepur,21-392,2022_12,112,0.0,45768.262,44722.02,680335.074,0.0,0.0,10.359,12.763,17.759,95.8,5.03,LST_ODISHA_2022_12.tif,3.0,2.0,1.0,3.0,2.0,5.0
Sonepur,Sonepur,21-392,2023_01,112,0.0,47392.419,44870.64,688090.559,0.0,0.0,10.359,12.763,17.759,95.8,5.03,LST_ODISHA_2023_01.tif,3.0,2.0,1.0,3.0,3.0,4.0
Sonepur,Sonepur,21-392,2023_02,112,0.0,47392.419,44870.64,688090.559,0.0,0.0,10.359,12.763,17.759,95.8,5.03,LST_ODISHA_2023_02.tif,3.0,2.0,1.0,3.0,2.0,4.0
Sonepur,Sonepur,21-392,2023_03,112,0.0,47392.419,44870.64,688090.559,0.0,10.049,10.359,12.763,17.759,95.8,5.03,LST_ODISHA_2023_03.tif,3.0,2.0,1.0,3.0,3.0,3.0
Sonepur,Sonepur,21-392,2023_04,112,0.0,47392.419,44870.64,688090.559,0.0,0.0,10.359,12.763,17.759,95.8,5.03,LST_ODISHA_2023_04.tif,3.0,2.0,1.0,3.0,1.0,3.0
Sonepur,Sonepur,21-392,2023_05,112,0.0,47392.419,44870.64,688090.559,0.0,4.253,10.359,12.763,17.759,95.8,5.03,LST_ODISHA_2023_05.tif,2.0,2.0,1.0,3.0,1.0,5.0
Sonepur,Sonepur,21-392,2023_06,112,0.0,47392.419,44870.64,688090.559,0.0,23.206,10.359,12.763,17.759,95.8,5.03,LST_ODISHA_2023_06.tif,3.0,2.0,1.0,3.0,2.0,5.0
Sonepur,Sonepur,21-392,2023_07,112,0.0,47392.419,44870.64,688090.559,0.0,38.036,10.359,12.763,17.759,95.8,5.03,LST_ODISHA_2023_07.tif,4.0,2.0,1.0,3.0,3.0,5.0
Sonepur,Sonepur,21-392,2023_08,112,0.0,47392.419,44870.64,688090.559,0.0,19.146,10.359,12.763,17.759,95.8,5.03,LST_ODISHA_2023_08.tif,3.0,2.0,1.0,3.0,3.0,4.0
Sonepur,Sonepur,21-392,2023_09,112,0.0,47392.419,44870.64,688090.559,0.0,33.154,10.359,12.763,17.759,95.8,5.03,LST_ODISHA_2023_09.tif,4.0,2.0,1.0,3.0,3.0,4.0
Sonepur,Sonepur,21-392,2023_10,112,0.0,47392.419,44870.64,688090.559,0.0,43.044,10.359,12.763,17.759,95.8,5.03,LST_ODISHA_2023_10.tif,3.0,2.0,1.0,3.0,3.0,4.0
Sonepur,Sonepur,21-392,2023_11,112,0.0,47392.419,44870.64,688090.559,0.0,4.85,10.359,12.763,17.759,95.8,5.03,LST_ODISHA_2023_11.tif,3.0,2.0,1.0,3.0,2.0,4.0
Sonepur,Sonepur,21-392,2023_12,112,0.0,47392.419,44870.64,688090.559,0.0,0.0,10.359,12.763,17.759,95.8,5.03,LST_ODISHA_2023_12.tif,3.0,2.0,1.0,3.0,1.0,4.0
Sonepur,Sonepur,21-392,2024_01,112,0.0,49016.576,45019.26,695846.043,0.0,0.0,10.359,12.763,17.759,95.8,5.03,LST_ODISHA_2024_01.tif,3.0,2.0,1.0,3.0,1.0,3.0
Sonepur,Sonepur,21-392,2024_02,112,0.0,49016.576,45019.26,695846.043,0.0,0.133,10.359,12.763,17.759,95.8,5.03,LST_ODISHA_2024_02.tif,3.0,2.0,1.0,3.0,3.0,4.0
Sonepur,Sonepur,21-392,2024_03,112,1906003.07,49016.576,45019.26,695846.043,1906003.07,34.107,10.359,12.763,17.759,95.8,5.03,LST_ODISHA_2024_03.tif,2.0,2.0,1.0,3.0,2.0,2.0
Sonepur,Sonepur,21-392,2024_04,112,0.0,49016.576,45019.26,695846.043,0.0,2.996,10.359,12.763,17.759,95.8,5.03,LST_ODISHA_2024_04.tif,2.0,2.0,1.0,3.0,2.0,2.0
Sonepur,Sonepur,21-392,2024_05,112,0.0,49016.576,45019.26,695846.043,0.0,31.235,10.359,12.763,17.759,95.8,5.03,LST_ODISHA_2024_05.tif,3.0,2.0,1.0,4.0,3.0,4.0
Sonepur,Sonepur,21-392,2024_06,112,687392.21,49016.576,45019.26,695846.043,687392.21,53.41,10.359,12.763,17.759,95.8,5.03,LST_ODISHA_2024_06.tif,4.0,2.0,1.0,4.0,4.0,4.0
Sonepur,Sonepur,21-392,2024_07,112,0.0,49016.576,45019.26,695846.043,687392.21,24.443,10.359,12.763,17.759,95.8,5.03,LST_ODISHA_2024_07.tif,4.0,2.0,1.0,4.0,4.0,0.0
Sonepur,Sonepur,21-392,2024_08,112,0.0,49016.576,45019.26,695846.043,687392.21,2.096,10.359,12.763,17.759,95.8,5.03,LST_ODISHA_2024_08.tif,2.0,2.0,1.0,4.0,2.0,4.0
Sonepur,Sonepur,21-392,2024_09,112,0.0,49016.576,45019.26,695846.043,687392.21,21.753,10.359,12.763,17.759,95.8,5.03,LST_ODISHA_2024_09.tif,4.0,2.0,1.0,4.0,4.0,5.0
Sonepur,Sonepur,21-392,2024_10,112,0.0,49016.576,45019.26,695846.043,687392.21,74.943,10.359,12.763,17.759,95.8,5.03,LST_ODISHA_2024_10.tif,4.0,2.0,1.0,4.0,4.0,5.0
Sonepur,Sonepur,21-392,2024_11,112,0.0,49016.576,45019.26,695846.043,687392.21,1.525,10.359,12.763,17.759,95.8,5.03,LST_ODISHA_2024_11.tif,2.0,2.0,1.0,4.0,2.0,4.0
Sonepur,Sonepur,21-392,2024_12,112,0.0,49016.576,45019.26,695846.043,687392.21,0.0,10.359,12.763,17.759,95.8,5.03,LST_ODISHA_2024_12.tif,3.0,2.0,1.0,4.0,2.0,5.0
Sonepur,Sonepur,21-392,2025_01,112,0.0,50640.733,45167.88,703601.527,687392.21,0.0,10.359,12.763,17.759,95.8,5.03,LST_ODISHA_2025_01.tif,3.0,2.0,1.0,4.0,3.0,5.0
Sonepur,Sonepur,21-392,2025_02,112,0.0,50640.733,45167.88,703601.527,687392.21,0.0,10.359,12.763,17.759,95.8,5.03,LST_ODISHA_2025_02.tif,3.0,2.0,1.0,4.0,2.0,4.0
Sonepur,Sonepur,21-392,2025_03,112,0.0,50640.733,45167.88,703601.527,687392.21,42.722,10.359,12.763,17.759,95.8,5.03,LST_ODISHA_2025_03.tif,3.0,2.0,1.0,4.0,3.0,4.0
Sonepur,Sonepur,21-392,2025_04,112,2462421.0,50640.733,45167.88,703601.527,2462421.0,1.158,10.359,12.763,17.759,95.8,5.03,LST_ODISHA_2025_04.tif,2.0,2.0,1.0,3.0,2.0,4.0
Sonepur,Sonepur,21-392,2025_05,112,0.0,50640.733,45167.88,703601.527,2462421.0,16.86,10.359,12.763,17.759,95.8,5.03,LST_ODISHA_2025_05.tif,5.0,2.0,1.0,3.0,4.0,4.0
Sonepur,Sonepur,21-392,2025_06,112,0.0,50640.733,45167.88,703601.527,2462421.0,2.035,10.359,12.763,17.759,95.8,5.03,LST_ODISHA_2025_06.tif,3.0,2.0,1.0,3.0,3.0,5.0
Sonepur,Sonepur,21-392,2025_07,112,0.0,50640.733,45167.88,703601.527,2462421.0,22.201,10.359,12.763,17.759,95.8,5.03,LST_ODISHA_2025_07.tif,3.0,2.0,1.0,3.0,3.0,0.0
Sonepur,Sonepur,21-392,2025_08,112,0.0,50640.733,45167.88,703601.527,2462421.0,25.59,10.359,12.763,17.759,95.8,5.03,LST_ODISHA_2025_08.tif,4.0,2.0,1.0,3.0,4.0,5.0
Sonepur,Sonepur,21-392,2025_09,112,0.0,50640.733,45167.88,703601.527,2462421.0,19.074,10.359,12.763,17.759,95.8,5.03,LST_ODISHA_2025_09.tif,4.0,2.0,1.0,3.0,3.0,4.0
Sonepur,Sonepur,21-392,2025_10,112,3382160.0,50640.733,45167.88,703601.527,5844581.0,42.365,10.359,12.763,17.759,95.8,5.03,LST_ODISHA_2025_10.tif,4.0,2.0,1.0,3.0,4.0,5.0
Sonepur,Sonepur,21-392,2025_11,112,0.0,50640.733,45167.88,703601.527,5844581.0,0.508,10.359,12.763,17.759,95.8,5.03,LST_ODISHA_2025_11.tif,1.0,2.0,1.0,3.0,2.0,5.0
Sonepur,Sonepur,21-392,2025_12,112,0.0,50640.733,45167.88,703601.527,5844581.0,0.0,10.359,12.763,17.759,95.8,5.03,LST_ODISHA_2025_12.tif,3.0,2.0,1.0,3.0,3.0,5.0
Sonepur,Sonepur,21-392,2026_01,112,0.0,52264.89,45316.5,711357.012,5844581.0,0.0,10.359,12.763,17.759,95.8,5.03,LST_ODISHA_2026_01.tif,3.0,2.0,1.0,3.0,3.0,5.0
Sonepur,Sonepur,21-392,2026_02,112,0.0,52264.89,45316.5,711357.012,5844581.0,0.0,10.359,12.763,17.759,95.8,5.03,LST_ODISHA_2026_02.tif,3.0,2.0,1.0,3.0,3.0,4.0
Sonepur,Sonepur,21-392,2026_03,112,0.0,52264.89,45316.5,711357.012,5844581.0,26.14,10.359,12.763,17.759,95.8,5.03,LST_ODISHA_2026_03.tif,3.0,2.0,1.0,3.0,3.0,4.0
Sundargarh,Sundargarh,21-374,2021_01,460,0.0,122891.385,168990.575,2389882.551,0.0,0.0,8.964,7.509,9.131,82.8,6.23,LST_ODISHA_2021_01.tif,3.0,3.0,1.0,3.0,1.0,2.0
Sundargarh,Sundargarh,21-374,2021_02,460,0.0,122891.385,168990.575,2389882.551,0.0,0.938,8.964,7.509,9.131,82.8,6.23,LST_ODISHA_2021_02.tif,5.0,3.0,1.0,3.0,4.0,3.0
Sundargarh,Sundargarh,21-374,2021_03,460,0.0,122891.385,168990.575,2389882.551,0.0,39.619,8.964,7.509,9.131,82.8,6.23,LST_ODISHA_2021_03.tif,5.0,3.0,1.0,3.0,4.0,3.0
Sundargarh,Sundargarh,21-374,2021_04,460,107655.0,122891.385,168990.575,2389882.551,107655.0,0.0,8.964,7.509,9.131,82.8,6.23,LST_ODISHA_2021_04.tif,3.0,3.0,1.0,3.0,2.0,4.0
Sundargarh,Sundargarh,21-374,2021_05,460,8512189.0,122891.385,168990.575,2389882.551,8619844.0,4.832,8.964,7.509,9.131,82.8,6.23,LST_ODISHA_2021_05.tif,5.0,3.0,1.0,3.0,4.0,2.0
Sundargarh,Sundargarh,21-374,2021_06,460,0.0,122891.385,168990.575,2389882.551,8619844.0,1.35,8.964,7.509,9.131,82.8,6.23,LST_ODISHA_2021_06.tif,3.0,3.0,1.0,3.0,2.0,2.0
Sundargarh,Sundargarh,21-374,2021_07,460,22172742.02,122891.385,168990.575,2389882.551,30792586.02,18.089,8.964,7.509,9.131,82.8,6.23,LST_ODISHA_2021_07.tif,3.0,3.0,1.0,3.0,3.0,3.0
Sundargarh,Sundargarh,21-374,2021_08,460,670397153.0,122891.385,168990.575,2389882.551,701189739.02,15.972,8.964,7.509,9.131,82.8,6.23,LST_ODISHA_2021_08.tif,1.0,3.0,1.0,2.0,1.0,1.0
Sundargarh,Sundargarh,21-374,2021_09,460,9338268.35,122891.385,168990.575,2389882.551,710528007.37,2.71,8.964,7.509,9.131,82.8,6.23,LST_ODISHA_2021_09.tif,3.0,3.0,1.0,2.0,3.0,3.0
Sundargarh,Sundargarh,21-374,2021_10,460,0.0,122891.385,168990.575,2389882.551,710528007.37,52.012,8.964,7.509,9.131,82.8,6.23,LST_ODISHA_2021_10.tif,3.0,3.0,1.0,2.0,3.0,3.0
Sundargarh,Sundargarh,21-374,2021_11,460,0.0,122891.385,168990.575,2389882.551,710528007.37,0.208,8.964,7.509,9.131,82.8,6.23,LST_ODISHA_2021_11.tif,2.0,3.0,1.0,2.0,1.0,3.0
Sundargarh,Sundargarh,21-374,2021_12,460,0.0,122891.385,168990.575,2389882.551,710528007.37,0.0,8.964,7.509,9.131,82.8,6.23,LST_ODISHA_2021_12.tif,3.0,3.0,1.0,2.0,1.0,2.0
Sundargarh,Sundargarh,21-374,2022_01,460,0.0,127709.429,169998.132,2420993.187,710528007.37,0.0,8.964,7.509,9.131,82.8,6.23,LST_ODISHA_2022_01.tif,3.0,3.0,1.0,2.0,2.0,1.0
Sundargarh,Sundargarh,21-374,2022_02,460,0.0,127709.429,169998.132,2420993.187,710528007.37,0.0,8.964,7.509,9.131,82.8,6.23,LST_ODISHA_2022_02.tif,3.0,3.0,1.0,2.0,2.0,1.0
Sundargarh,Sundargarh,21-374,2022_03,460,0.0,127709.429,169998.132,2420993.187,710528007.37,40.194,8.964,7.509,9.131,82.8,6.23,LST_ODISHA_2022_03.tif,5.0,3.0,1.0,2.0,4.0,2.0
Sundargarh,Sundargarh,21-374,2022_04,460,641946.7,127709.429,169998.132,2420993.187,641946.7,0.433,8.964,7.509,9.131,82.8,6.23,LST_ODISHA_2022_04.tif,2.0,3.0,1.0,3.0,2.0,4.0
Sundargarh,Sundargarh,21-374,2022_05,460,0.0,127709.429,169998.132,2420993.187,641946.7,18.714,8.964,7.509,9.131,82.8,6.23,LST_ODISHA_2022_05.tif,5.0,3.0,1.0,3.0,4.0,3.0
Sundargarh,Sundargarh,21-374,2022_06,460,0.0,127709.429,169998.132,2420993.187,641946.7,26.288,8.964,7.509,9.131,82.8,6.23,LST_ODISHA_2022_06.tif,5.0,3.0,1.0,3.0,4.0,3.0
Sundargarh,Sundargarh,21-374,2022_07,460,0.0,127709.429,169998.132,2420993.187,641946.7,12.43,8.964,7.509,9.131,82.8,6.23,LST_ODISHA_2022_07.tif,4.0,3.0,1.0,3.0,4.0,3.0
Sundargarh,Sundargarh,21-374,2022_08,460,0.0,127709.429,169998.132,2420993.187,641946.7,18.846,8.964,7.509,9.131,82.8,6.23,LST_ODISHA_2022_08.tif,3.0,3.0,1.0,3.0,3.0,4.0
Sundargarh,Sundargarh,21-374,2022_09,460,0.0,127709.429,169998.132,2420993.187,641946.7,6.466,8.964,7.509,9.131,82.8,6.23,LST_ODISHA_2022_09.tif,2.0,3.0,1.0,3.0,2.0,3.0
Sundargarh,Sundargarh,21-374,2022_10,460,0.0,127709.429,169998.132,2420993.187,641946.7,32.969,8.964,7.509,9.131,82.8,6.23,LST_ODISHA_2022_10.tif,4.0,3.0,1.0,3.0,4.0,3.0
Sundargarh,Sundargarh,21-374,2022_11,460,0.0,127709.429,169998.132,2420993.187,641946.7,0.0,8.964,7.509,9.131,82.8,6.23,LST_ODISHA_2022_11.tif,3.0,3.0,1.0,3.0,2.0,2.0
Sundargarh,Sundargarh,21-374,2022_12,460,0.0,127709.429,169998.132,2420993.187,641946.7,0.0,8.964,7.509,9.131,82.8,6.23,LST_ODISHA_2022_12.tif,3.0,3.0,1.0,3.0,2.0,2.0
Sundargarh,Sundargarh,21-374,2023_01,460,107501.12,132527.473,171005.689,2452103.823,749447.82,0.0,8.964,7.509,9.131,82.8,6.23,LST_ODISHA_2023_01.tif,3.0,3.0,1.0,3.0,3.0,2.0
Sundargarh,Sundargarh,21-374,2023_02,460,0.0,132527.473,171005.689,2452103.823,749447.82,0.056,8.964,7.509,9.131,82.8,6.23,LST_ODISHA_2023_02.tif,3.0,3.0,1.0,3.0,2.0,3.0
Sundargarh,Sundargarh,21-374,2023_03,460,0.0,132527.473,171005.689,2452103.823,749447.82,11.968,8.964,7.509,9.131,82.8,6.23,LST_ODISHA_2023_03.tif,3.0,3.0,1.0,3.0,3.0,4.0
Sundargarh,Sundargarh,21-374,2023_04,460,0.0,132527.473,171005.689,2452103.823,0.0,0.0,8.964,7.509,9.131,82.8,6.23,LST_ODISHA_2023_04.tif,3.0,3.0,1.0,3.0,1.0,4.0
Sundargarh,Sundargarh,21-374,2023_05,460,0.0,132527.473,171005.689,2452103.823,0.0,2.372,8.964,7.509,9.131,82.8,6.23,LST_ODISHA_2023_05.tif,2.0,3.0,1.0,3.0,1.0,5.0
Sundargarh,Sundargarh,21-374,2023_06,460,0.0,132527.473,171005.689,2452103.823,0.0,25.681,8.964,7.509,9.131,82.8,6.23,LST_ODISHA_2023_06.tif,3.0,3.0,1.0,3.0,2.0,4.0
Sundargarh,Sundargarh,21-374,2023_07,460,0.0,132527.473,171005.689,2452103.823,0.0,43.516,8.964,7.509,9.131,82.8,6.23,LST_ODISHA_2023_07.tif,5.0,3.0,1.0,3.0,4.0,3.0
Sundargarh,Sundargarh,21-374,2023_08,460,0.0,132527.473,171005.689,2452103.823,0.0,14.874,8.964,7.509,9.131,82.8,6.23,LST_ODISHA_2023_08.tif,2.0,3.0,1.0,3.0,2.0,3.0
Sundargarh,Sundargarh,21-374,2023_09,460,0.0,132527.473,171005.689,2452103.823,0.0,29.281,8.964,7.509,9.131,82.8,6.23,LST_ODISHA_2023_09.tif,3.0,3.0,1.0,3.0,3.0,2.0
Sundargarh,Sundargarh,21-374,2023_10,460,0.0,132527.473,171005.689,2452103.823,0.0,41.147,8.964,7.509,9.131,82.8,6.23,LST_ODISHA_2023_10.tif,3.0,3.0,1.0,3.0,3.0,3.0
Sundargarh,Sundargarh,21-374,2023_11,460,0.0,132527.473,171005.689,2452103.823,0.0,2.372,8.964,7.509,9.131,82.8,6.23,LST_ODISHA_2023_11.tif,2.0,3.0,1.0,3.0,1.0,2.0
Sundargarh,Sundargarh,21-374,2023_12,460,0.0,132527.473,171005.689,2452103.823,0.0,0.0,8.964,7.509,9.131,82.8,6.23,LST_ODISHA_2023_12.tif,3.0,3.0,1.0,3.0,1.0,1.0
Sundargarh,Sundargarh,21-374,2024_01,460,0.0,137345.517,172013.246,2483214.46,0.0,0.0,8.964,7.509,9.131,82.8,6.23,LST_ODISHA_2024_01.tif,3.0,3.0,1.0,3.0,1.0,1.0
Sundargarh,Sundargarh,21-374,2024_02,460,0.0,137345.517,172013.246,2483214.46,0.0,0.0,8.964,7.509,9.131,82.8,6.23,LST_ODISHA_2024_02.tif,2.0,3.0,1.0,3.0,2.0,1.0
Sundargarh,Sundargarh,21-374,2024_03,460,8498600.47,137345.517,172013.246,2483214.46,8498600.47,30.633,8.964,7.509,9.131,82.8,6.23,LST_ODISHA_2024_03.tif,2.0,3.0,1.0,3.0,2.0,2.0
Sundargarh,Sundargarh,21-374,2024_04,460,0.0,137345.517,172013.246,2483214.46,0.0,1.539,8.964,7.509,9.131,82.8,6.23,LST_ODISHA_2024_04.tif,2.0,3.0,1.0,3.0,2.0,4.0
Sundargarh,Sundargarh,21-374,2024_05,460,0.0,137345.517,172013.246,2483214.46,0.0,25.892,8.964,7.509,9.131,82.8,6.23,LST_ODISHA_2024_05.tif,2.0,3.0,1.0,4.0,2.0,3.0
Sundargarh,Sundargarh,21-374,2024_06,460,0.0,137345.517,172013.246,2483214.46,0.0,56.3,8.964,7.509,9.131,82.8,6.23,LST_ODISHA_2024_06.tif,4.0,3.0,1.0,4.0,4.0,3.0
Sundargarh,Sundargarh,21-374,2024_07,460,0.0,137345.517,172013.246,2483214.46,0.0,28.585,8.964,7.509,9.131,82.8,6.23,LST_ODISHA_2024_07.tif,4.0,3.0,1.0,4.0,4.0,5.0
Sundargarh,Sundargarh,21-374,2024_08,460,3512742.0,137345.517,172013.246,2483214.46,3512742.0,5.619,8.964,7.509,9.131,82.8,6.23,LST_ODISHA_2024_08.tif,3.0,3.0,1.0,4.0,3.0,3.0
Sundargarh,Sundargarh,21-374,2024_09,460,0.0,137345.517,172013.246,2483214.46,3512742.0,20.701,8.964,7.509,9.131,82.8,6.23,LST_ODISHA_2024_09.tif,3.0,3.0,1.0,4.0,3.0,3.0
Sundargarh,Sundargarh,21-374,2024_10,460,0.0,137345.517,172013.246,2483214.46,3512742.0,72.162,8.964,7.509,9.131,82.8,6.23,LST_ODISHA_2024_10.tif,3.0,3.0,1.0,4.0,3.0,4.0
Sundargarh,Sundargarh,21-374,2024_11,460,0.0,137345.517,172013.246,2483214.46,3512742.0,1.943,8.964,7.509,9.131,82.8,6.23,LST_ODISHA_2024_11.tif,2.0,3.0,1.0,4.0,2.0,3.0
Sundargarh,Sundargarh,21-374,2024_12,460,0.0,137345.517,172013.246,2483214.46,3512742.0,0.0,8.964,7.509,9.131,82.8,6.23,LST_ODISHA_2024_12.tif,3.0,3.0,1.0,4.0,2.0,2.0
Sundargarh,Sundargarh,21-374,2025_01,460,117264623.13,142163.561,173020.803,2514325.096,120777365.13,0.0,8.964,7.509,9.131,82.8,6.23,LST_ODISHA_2025_01.tif,3.0,3.0,1.0,3.0,2.0,2.0
Sundargarh,Sundargarh,21-374,2025_02,460,2613671.0,142163.561,173020.803,2514325.096,123391036.13,0.0,8.964,7.509,9.131,82.8,6.23,LST_ODISHA_2025_02.tif,3.0,3.0,1.0,3.0,2.0,3.0
Sundargarh,Sundargarh,21-374,2025_03,460,0.0,142163.561,173020.803,2514325.096,123391036.13,44.821,8.964,7.509,9.131,82.8,6.23,LST_ODISHA_2025_03.tif,4.0,3.0,1.0,3.0,3.0,3.0
Sundargarh,Sundargarh,21-374,2025_04,460,0.0,142163.561,173020.803,2514325.096,0.0,0.055,8.964,7.509,9.131,82.8,6.23,LST_ODISHA_2025_04.tif,2.0,3.0,1.0,3.0,2.0,3.0
Sundargarh,Sundargarh,21-374,2025_05,460,0.0,142163.561,173020.803,2514325.096,0.0,11.753,8.964,7.509,9.131,82.8,6.23,LST_ODISHA_2025_05.tif,4.0,3.0,1.0,3.0,3.0,3.0
Sundargarh,Sundargarh,21-374,2025_06,460,0.0,142163.561,173020.803,2514325.096,0.0,5.001,8.964,7.509,9.131,82.8,6.23,LST_ODISHA_2025_06.tif,5.0,3.0,1.0,3.0,4.0,3.0
Sundargarh,Sundargarh,21-374,2025_07,460,0.0,142163.561,173020.803,2514325.096,0.0,19.393,8.964,7.509,9.131,82.8,6.23,LST_ODISHA_2025_07.tif,3.0,3.0,1.0,3.0,3.0,4.0
Sundargarh,Sundargarh,21-374,2025_08,460,0.0,142163.561,173020.803,2514325.096,0.0,17.404,8.964,7.509,9.131,82.8,6.23,LST_ODISHA_2025_08.tif,1.0,3.0,1.0,3.0,2.0,4.0
Sundargarh,Sundargarh,21-374,2025_09,460,0.0,142163.561,173020.803,2514325.096,0.0,22.571,8.964,7.509,9.131,82.8,6.23,LST_ODISHA_2025_09.tif,5.0,3.0,1.0,4.0,4.0,3.0
Sundargarh,Sundargarh,21-374,2025_10,460,0.0,142163.561,173020.803,2514325.096,0.0,39.513,8.964,7.509,9.131,82.8,6.23,LST_ODISHA_2025_10.tif,2.0,3.0,1.0,3.0,2.0,4.0
Sundargarh,Sundargarh,21-374,2025_11,460,0.0,142163.561,173020.803,2514325.096,0.0,0.828,8.964,7.509,9.131,82.8,6.23,LST_ODISHA_2025_11.tif,2.0,3.0,1.0,3.0,2.0,3.0
Sundargarh,Sundargarh,21-374,2025_12,460,0.0,142163.561,173020.803,2514325.096,0.0,0.0,8.964,7.509,9.131,82.8,6.23,LST_ODISHA_2025_12.tif,3.0,3.0,1.0,3.0,3.0,2.0
Sundargarh,Sundargarh,21-374,2026_01,460,0.0,146981.605,174028.36,2545435.732,0.0,0.0,8.964,7.509,9.131,82.8,6.23,LST_ODISHA_2026_01.tif,3.0,3.0,1.0,3.0,3.0,2.0
Sundargarh,Sundargarh,21-374,2026_02,460,0.0,146981.605,174028.36,2545435.732,0.0,0.0,8.964,7.509,9.131,82.8,6.23,LST_ODISHA_2026_02.tif,3.0,3.0,1.0,3.0,3.0,2.0
Sundargarh,Sundargarh,21-374,2026_03,460,0.0,146981.605,174028.36,2545435.732,0.0,35.697,8.964,7.509,9.131,82.8,6.23,LST_ODISHA_2026_03.tif,5.0,3.0,1.0,3.0,4.0,3.0
